31 tcp telnet SF 2402 3814 0 0 0 3 0 1 2 1 0 0 0 0 0 0 0 0 1 1 0.00 0.00 0.00 0.00 1.00 0.00 0.00 2 2 1.00 0.00 0.50 0.00 0.00 0.00 0.00 0.00 buffer_overflow.
33 tcp telnet SF 2402 3815 0 0 0 3 0 1 2 1 0 0 0 0 0 0 0 0 1 1 0.00 0.00 0.00 0.00 1.00 0.00 0.00 3 3 1.00 0.00 0.33 0.00 0.00 0.00 0.00 0.00 buffer_overflow.
162 tcp telnet SF 1567 2738 0 0 0 3 0 1 4 1 0 0 1 0 0 0 0 0 1 1 0.00 0.00 0.00 0.00 1.00 0.00 0.00 4 4 1.00 0.00 0.25 0.00 0.00 0.00 0.00 0.00 buffer_overflow.
127 tcp telnet SF 1567 2736 0 0 0 1 0 1 0 0 0 0 1 0 0 0 0 0 83 1 0.99 0.00 0.00 0.00 0.01 0.08 0.00 5 5 1.00 0.00 0.20 0.00 0.00 0.00 0.00 0.00 buffer_overflow.
321 tcp telnet RSTO 1506 1887 0 0 0 0 0 1 0 0 0 0 1 0 0 0 0 0 151 1 0.99 0.00 0.01 1.00 0.01 0.06 0.00 6 6 1.00 0.00 0.17 0.00 0.00 0.00 0.17 0.17 buffer_overflow.
45 tcp telnet SF 2336 4201 0 0 0 3 0 1 1 1 0 0 0 0 0 0 0 0 2 1 0.00 0.00 0.50 0.00 0.50 1.00 0.00 7 7 1.00 0.00 0.14 0.00 0.00 0.00 0.14 0.14 buffer_overflow.
176 tcp telnet SF 1559 2732 0 0 0 3 0 1 4 1 0 0 1 0 0 0 0 0 1 1 0.00 0.00 0.00 0.00 1.00 0.00 0.00 8 8 1.00 0.00 0.12 0.00 0.00 0.00 0.12 0.12 buffer_overflow.
61 tcp telnet SF 2336 4194 0 0 0 3 0 1 1 1 0 0 0 0 0 0 0 0 1 1 0.00 0.00 0.00 0.00 1.00 0.00 0.00 9 9 1.00 0.00 0.11 0.00 0.00 0.00 0.11 0.11 buffer_overflow.
47 tcp telnet SF 2402 3816 0 0 0 3 0 1 2 1 0 0 0 0 0 0 0 0 1 1 0.00 0.00 0.00 0.00 1.00 0.00 0.00 10 10 1.00 0.00 0.10 0.00 0.00 0.00 0.10 0.10 buffer_overflow.
7 tcp ftp SF 230 644 0 0 0 4 0 1 0 0 0 0 4 0 0 0 0 0 1 1 0.00 0.00 0.00 0.00 1.00 0.00 0.00 4 1 0.25 0.75 0.25 0.00 0.00 0.00 0.00 0.00 loadmodule.
31 tcp telnet SF 142 1278 0 0 0 0 0 1 0 0 0 0 1 0 0 0 0 0 1 1 0.00 0.00 0.00 0.00 1.00 0.00 0.00 5 3 0.60 0.60 0.20 0.00 0.00 0.00 0.00 0.00 loadmodule.
21 tcp telnet SF 135 1290 0 0 0 0 0 1 0 0 0 0 0 0 0 0 0 0 1 1 0.00 0.00 0.00 0.00 1.00 0.00 0.00 6 4 0.67 0.50 0.17 0.00 0.00 0.00 0.00 0.00 loadmodule.
60 tcp telnet SF 86 183 0 0 0 0 1 0 0 0 0 0 0 0 0 0 0 0 1 1 0.00 0.00 0.00 0.00 1.00 0.00 0.00 255 1 0.00 0.02 0.00 0.00 0.00 0.00 0.00 0.00 rootkit.
60 tcp telnet SF 90 233 0 0 0 0 0 0 0 0 0 0 0 0 0 0 0 0 1 1 0.00 0.00 0.00 0.00 1.00 0.00 0.00 255 2 0.01 0.02 0.00 0.00 0.00 0.00 0.00 0.00 rootkit.
708 tcp telnet SF 1727 24080 0 0 0 0 0 1 6 0 0 7 0 0 0 0 0 0 1 1 0.00 0.00 0.00 0.00 1.00 0.00 0.00 255 3 0.01 0.02 0.00 0.00 0.00 0.00 0.00 0.00 rootkit.
21 tcp ftp SF 89 345 0 0 0 1 0 1 0 0 0 0 1 0 0 0 0 0 1 1 0.00 0.00 0.00 0.00 1.00 0.00 0.00 255 1 0.00 0.02 0.00 0.00 0.00 0.00 0.00 0.00 rootkit.
98 tcp telnet SF 621 8356 0 0 1 1 0 1 5 1 0 14 1 0 0 0 0 0 1 1 0.00 0.00 0.00 0.00 1.00 0.00 0.00 255 4 0.02 0.02 0.00 0.00 0.00 0.00 0.00 0.00 rootkit.
0 tcp ftp_data SF 0 5636 0 0 0 0 0 1 2 0 0 2 0 0 0 0 0 0 1 1 0.00 0.00 0.00 0.00 1.00 0.00 0.00 1 41 1.00 0.00 1.00 0.10 0.00 0.00 0.00 0.00 rootkit.
5055 tcp ftp_data SF 5135678 0 0 0 0 3 0 1 0 0 0 0 0 0 0 0 0 0 1 1 0.00 0.00 0.00 0.00 1.00 0.00 0.00 2 42 1.00 0.00 1.00 0.10 0.00 0.00 0.00 0.00 warezclient.
2426 tcp ftp_data RSTR 2500058 0 0 0 0 0 0 1 0 0 0 0 0 0 0 0 0 0 1 1 0.00 0.00 1.00 1.00 1.00 0.00 0.00 3 43 1.00 0.00 1.00 0.09 0.00 0.00 0.33 0.02 warezclient.
0 tcp ftp_data SF 246 0 0 0 0 0 0 1 0 0 0 0 0 0 0 0 0 0 1 1 0.00 0.00 0.00 0.00 1.00 0.00 0.00 4 44 1.00 0.00 1.00 0.09 0.00 0.00 0.25 0.02 warezclient.
12 tcp ftp_data SF 7045 0 0 0 0 0 0 1 0 0 0 0 0 0 0 0 0 0 2 2 0.00 0.00 0.00 0.00 1.00 0.00 0.00 5 45 1.00 0.00 1.00 0.09 0.00 0.00 0.20 0.02 warezclient.
4 tcp ftp_data SF 832 0 0 0 0 0 0 1 0 0 0 0 0 0 0 0 0 0 1 1 0.00 0.00 0.00 0.00 1.00 0.00 0.00 6 46 1.00 0.00 1.00 0.09 0.00 0.00 0.17 0.02 warezclient.
5047 tcp ftp_data SF 5133876 0 0 0 0 5 0 1 0 0 0 0 0 0 0 0 0 0 1 1 0.00 0.00 0.00 0.00 1.00 0.00 0.00 7 47 1.00 0.00 1.00 0.09 0.00 0.00 0.14 0.02 warezclient.
0 tcp http REJ 0 0 0 0 0 0 0 0 0 0 0 0 0 0 0 0 0 0 1 1 0.00 0.00 1.00 1.00 1.00 0.00 0.00 5 255 1.00 0.00 0.20 0.32 0.00 0.00 1.00 1.00 normal.
0 tcp http REJ 0 0 0 0 0 0 0 0 0 0 0 0 0 0 0 0 0 0 1 1 0.00 0.00 1.00 1.00 1.00 0.00 0.00 1 255 1.00 0.00 1.00 0.34 0.00 0.00 1.00 1.00 normal.
0 tcp http REJ 0 0 0 0 0 0 0 0 0 0 0 0 0 0 0 0 0 0 1 1 0.00 0.00 1.00 1.00 1.00 0.00 0.00 1 255 1.00 0.00 1.00 0.34 0.00 0.00 1.00 1.00 normal.
0 udp other SF 4 4 0 0 0 0 0 0 0 0 0 0 0 0 0 0 0 0 1 1 0.00 0.00 0.00 0.00 1.00 0.00 0.00 1 1 1.00 0.00 1.00 0.00 0.00 0.00 0.00 0.00 rootkit.
0 udp other SF 4 0 0 0 0 0 0 0 0 0 0 0 0 0 0 0 0 0 2 2 0.00 0.00 0.00 0.00 1.00 0.00 0.00 2 2 1.00 0.00 0.50 0.00 0.00 0.00 0.00 0.00 rootkit.
0 tcp ftp_data SF 334 0 0 0 0 0 0 1 0 0 0 0 0 0 0 0 0 0 1 1 0.00 0.00 0.00 0.00 1.00 0.00 0.00 1 1 1.00 0.00 1.00 0.00 0.00 0.00 0.00 0.00 warezclient.
0 tcp ftp_data SF 334 0 0 0 0 0 0 1 0 0 0 0 0 0 0 0 0 0 2 2 0.00 0.00 0.00 0.00 1.00 0.00 0.00 2 2 1.00 0.00 1.00 0.00 0.00 0.00 0.00 0.00 warezclient.
0 tcp ftp_data SF 334 0 0 0 0 0 0 1 0 0 0 0 0 0 0 0 0 0 1 1 0.00 0.00 0.00 0.00 1.00 0.00 0.00 3 3 1.00 0.00 1.00 0.00 0.00 0.00 0.00 0.00 warezclient.
0 tcp ftp_data SF 334 0 0 0 0 0 0 1 0 0 0 0 0 0 0 0 0 0 2 2 0.00 0.00 0.00 0.00 1.00 0.00 0.00 4 4 1.00 0.00 1.00 0.00 0.00 0.00 0.00 0.00 warezclient.
0 tcp ftp_data SF 334 0 0 0 0 0 0 1 0 0 0 0 0 0 0 0 0 0 2 2 0.00 0.00 0.00 0.00 1.00 0.00 0.00 7 19 1.00 0.00 1.00 0.21 0.00 0.00 0.00 0.00 warezclient.
0 tcp ftp_data SF 334 0 0 0 0 0 0 1 0 0 0 0 0 0 0 0 0 0 1 1 0.00 0.00 0.00 0.00 1.00 0.00 0.00 8 20 1.00 0.00 1.00 0.20 0.00 0.00 0.00 0.00 warezclient.
0 tcp ftp_data SF 334 0 0 0 0 0 0 1 0 0 0 0 0 0 0 0 0 0 2 2 0.00 0.00 0.00 0.00 1.00 0.00 0.00 9 21 1.00 0.00 1.00 0.19 0.00 0.00 0.00 0.00 warezclient.
0 tcp ftp_data SF 334 0 0 0 0 0 0 1 0 0 0 0 0 0 0 0 0 0 1 1 0.00 0.00 0.00 0.00 1.00 0.00 0.00 10 22 1.00 0.00 1.00 0.18 0.00 0.00 0.00 0.00 warezclient.
0 tcp ftp_data SF 334 0 0 0 0 0 0 1 0 0 0 0 0 0 0 0 0 0 2 2 0.00 0.00 0.00 0.00 1.00 0.00 0.00 11 23 1.00 0.00 1.00 0.17 0.00 0.00 0.00 0.00 warezclient.
0 tcp ftp_data SF 334 0 0 0 0 0 0 1 0 0 0 0 0 0 0 0 0 0 1 1 0.00 0.00 0.00 0.00 1.00 0.00 0.00 12 24 1.00 0.00 1.00 0.17 0.00 0.00 0.00 0.00 warezclient.
0 tcp ftp_data SF 334 0 0 0 0 0 0 1 0 0 0 0 0 0 0 0 0 0 2 2 0.00 0.00 0.00 0.00 1.00 0.00 0.00 13 25 1.00 0.00 1.00 0.16 0.00 0.00 0.00 0.00 warezclient.
0 tcp ftp_data SF 0 7181 0 0 0 0 0 0 0 0 0 0 0 0 0 0 0 0 1 1 0.00 0.00 0.00 0.00 1.00 0.00 0.00 1 1 1.00 0.00 1.00 0.00 0.00 0.00 0.00 0.00 warezmaster.
0 tcp ftp_data SF 0 848 0 0 0 0 0 0 0 0 0 0 0 0 0 0 0 0 2 2 0.00 0.00 0.00 0.00 1.00 0.00 0.00 2 2 1.00 0.00 1.00 0.00 0.00 0.00 0.00 0.00 warezmaster.
9 tcp ftp_data SF 0 5153460 0 0 0 0 0 0 0 0 0 0 0 0 0 0 0 0 3 3 0.00 0.00 0.00 0.00 1.00 0.00 0.00 3 3 1.00 0.00 1.00 0.00 0.00 0.00 0.00 0.00 warezmaster.
10 tcp ftp_data SF 0 5155468 0 0 0 0 0 0 0 0 0 0 0 0 0 0 0 0 1 1 0.00 0.00 0.00 0.00 1.00 0.00 0.00 4 4 1.00 0.00 1.00 0.00 0.00 0.00 0.00 0.00 warezmaster.
10 tcp ftp_data SF 0 5151385 0 0 0 0 0 0 0 0 0 0 0 0 0 0 0 0 1 1 0.00 0.00 0.00 0.00 1.00 0.00 0.00 5 5 1.00 0.00 1.00 0.00 0.00 0.00 0.00 0.00 warezmaster.
9 tcp ftp_data SF 0 5150836 0 0 0 0 0 0 0 0 0 0 0 0 0 0 0 0 1 1 0.00 0.00 0.00 0.00 1.00 0.00 0.00 6 6 1.00 0.00 1.00 0.00 0.00 0.00 0.00 0.00 warezmaster.
10 tcp ftp_data SF 0 5150823 0 0 0 0 0 0 0 0 0 0 0 0 0 0 0 0 1 1 0.00 0.00 0.00 0.00 1.00 0.00 0.00 7 7 1.00 0.00 1.00 0.00 0.00 0.00 0.00 0.00 warezmaster.
10 tcp ftp_data SF 0 5150877 0 0 0 0 0 0 0 0 0 0 0 0 0 0 0 0 1 1 0.00 0.00 0.00 0.00 1.00 0.00 0.00 8 8 1.00 0.00 1.00 0.00 0.00 0.00 0.00 0.00 warezmaster.
9 tcp ftp_data SF 0 5150772 0 0 0 0 0 0 0 0 0 0 0 0 0 0 0 0 1 1 0.00 0.00 0.00 0.00 1.00 0.00 0.00 9 9 1.00 0.00 1.00 0.00 0.00 0.00 0.00 0.00 warezmaster.
10 tcp ftp_data SF 0 5150841 0 0 0 0 0 0 0 0 0 0 0 0 0 0 0 0 1 1 0.00 0.00 0.00 0.00 1.00 0.00 0.00 10 10 1.00 0.00 1.00 0.00 0.00 0.00 0.00 0.00 warezmaster.
10 tcp ftp_data SF 0 5150790 0 0 0 0 0 0 0 0 0 0 0 0 0 0 0 0 1 1 0.00 0.00 0.00 0.00 1.00 0.00 0.00 11 11 1.00 0.00 1.00 0.00 0.00 0.00 0.00 0.00 warezmaster.
9 tcp ftp_data SF 0 5153771 0 0 0 0 0 0 0 0 0 0 0 0 0 0 0 0 1 1 0.00 0.00 0.00 0.00 1.00 0.00 0.00 12 12 1.00 0.00 1.00 0.00 0.00 0.00 0.00 0.00 warezmaster.
9 tcp ftp_data SF 0 5151049 0 0 0 0 0 0 0 0 0 0 0 0 0 0 0 0 1 1 0.00 0.00 0.00 0.00 1.00 0.00 0.00 13 13 1.00 0.00 1.00 0.00 0.00 0.00 0.00 0.00 warezmaster.
9 tcp ftp_data SF 0 5149533 0 0 0 0 0 0 0 0 0 0 0 0 0 0 0 0 1 1 0.00 0.00 0.00 0.00 1.00 0.00 0.00 14 14 1.00 0.00 1.00 0.00 0.00 0.00 0.00 0.00 warezmaster.
9 tcp ftp_data SF 0 5150938 0 0 0 0 0 0 0 0 0 0 0 0 0 0 0 0 1 1 0.00 0.00 0.00 0.00 1.00 0.00 0.00 15 15 1.00 0.00 1.00 0.00 0.00 0.00 0.00 0.00 warezmaster.
10 tcp ftp_data SF 0 5151154 0 0 0 0 0 0 0 0 0 0 0 0 0 0 0 0 1 1 0.00 0.00 0.00 0.00 1.00 0.00 0.00 16 16 1.00 0.00 1.00 0.00 0.00 0.00 0.00 0.00 warezmast.
0 tcp smtp SF 1744 335 0 0 0 0 0 1 0 0 0 0 0 0 0 0 0 0 1 1 0.00 0.00 0.00 0.00 1.00 0.00 0.00 146 166 0.64 0.02 0.01 0.01 0.00 0.00 0.00 0.00 normal.
0 tcp finger SF 7 139 0 0 0 0 0 0 0 0 0 0 0 0 0 0 0 0 1 1 0.00 0.00 0.00 0.00 1.00 0.00 0.00 156 12 0.03 0.02 0.01 0.17 0.00 0.00 0.00 0.00 normal.
60 tcp telnet S3 125 179 0 0 0 1 1 0 0 0 0 0 0 0 0 0 0 0 1 1 1.00 1.00 0.00 0.00 1.00 0.00 0.00 1 1 1.00 0.00 1.00 0.00 1.00 1.00 0.00 0.00 guess_passwd.
0 tcp telnet RSTO 125 179 0 0 0 1 1 0 0 0 0 0 0 0 0 0 0 0 2 2 0.50 0.50 0.50 0.50 1.00 0.00 0.00 2 2 1.00 0.00 0.50 0.00 0.50 0.50 0.50 0.50 guess_passwd.
0 tcp telnet RSTO 125 179 0 0 0 1 1 0 0 0 0 0 0 0 0 0 0 0 2 2 0.00 0.00 1.00 1.00 1.00 0.00 0.00 3 3 1.00 0.00 0.33 0.00 0.33 0.33 0.67 0.67 guess_passwd.
0 tcp telnet RSTO 125 179 0 0 0 1 1 0 0 0 0 0 0 0 0 0 0 0 1 1 0.00 0.00 1.00 1.00 1.00 0.00 0.00 4 4 1.00 0.00 0.25 0.00 0.25 0.25 0.75 0.75 guess_passwd.
0 tcp telnet RSTO 125 179 0 0 0 1 1 0 0 0 0 0 0 0 0 0 0 0 2 2 0.00 0.00 1.00 1.00 1.00 0.00 0.00 5 5 1.00 0.00 0.20 0.00 0.20 0.20 0.80 0.80 guess_passwd.
0 tcp telnet RSTO 125 179 0 0 0 1 1 0 0 0 0 0 0 0 0 0 0 0 2 2 0.00 0.00 1.00 1.00 1.00 0.00 0.00 6 6 1.00 0.00 0.17 0.00 0.17 0.17 0.83 0.83 guess_passwd.
0 tcp telnet RSTO 125 179 0 0 0 1 1 0 0 0 0 0 0 0 0 0 0 0 2 2 0.00 0.00 1.00 1.00 1.00 0.00 0.00 7 7 1.00 0.00 0.14 0.00 0.14 0.14 0.86 0.86 guess_passwd.
0 tcp telnet RSTO 125 179 0 0 0 1 1 0 0 0 0 0 0 0 0 0 0 0 2 2 0.00 0.00 1.00 1.00 1.00 0.00 0.00 8 8 1.00 0.00 0.12 0.00 0.12 0.12 0.88 0.88 guess_passwd.
0 tcp telnet RSTO 125 179 0 0 0 1 1 0 0 0 0 0 0 0 0 0 0 0 2 2 0.00 0.00 1.00 1.00 1.00 0.00 0.00 9 9 1.00 0.00 0.11 0.00 0.11 0.11 0.89 0.89 guess_passwd.
0 tcp telnet RSTO 125 179 0 0 0 1 1 0 0 0 0 0 0 0 0 0 0 0 2 2 0.00 0.00 1.00 1.00 1.00 0.00 0.00 10 10 1.00 0.00 0.10 0.00 0.10 0.10 0.90 0.90 guess_passwd.
0 tcp telnet RSTO 126 179 0 0 0 1 1 0 0 0 0 0 0 0 0 0 0 0 2 2 0.00 0.00 1.00 1.00 1.00 0.00 0.00 11 11 1.00 0.00 0.09 0.00 0.09 0.09 0.91 0.91 guess_passwd.
0 tcp telnet RSTO 126 179 0 0 0 1 1 0 0 0 0 0 0 0 0 0 0 0 2 2 0.00 0.00 1.00 1.00 1.00 0.00 0.00 12 12 1.00 0.00 0.08 0.00 0.08 0.08 0.92 0.92 guess_passwd.
0 tcp imap4 SH 0 0 0 0 0 0 0 0 0 0 0 0 0 0 0 0 0 0 1 160 1.00 0.58 0.00 0.03 1.00 0.00 0.28 1 1 1.00 0.00 1.00 0.00 1.00 1.00 0.00 0.00 imap.
0 tcp imap4 SH 0 0 0 0 0 0 0 0 0 0 0 0 0 0 0 0 0 0 2 161 1.00 0.58 0.00 0.03 1.00 0.00 0.28 2 2 1.00 0.00 1.00 0.00 1.00 1.00 0.00 0.00 imap.
0 tcp imap4 SF 0 0 0 0 0 0 0 0 0 0 0 0 0 0 0 0 0 0 3 162 0.67 0.58 0.00 0.03 1.00 0.00 0.28 3 3 1.00 0.00 1.00 0.00 0.67 0.67 0.00 0.00 imap.
0 tcp imap4 SF 0 0 0 0 0 2 0 0 0 0 0 0 0 0 0 0 0 0 4 163 0.50 0.58 0.00 0.03 1.00 0.00 0.28 4 4 1.00 0.00 1.00 0.00 0.50 0.50 0.00 0.00 imap.
41 tcp imap4 SF 1334 162 0 0 0 0 0 0 0 0 0 0 0 0 0 0 0 0 1 1 0.00 0.00 0.00 0.00 1.00 0.00 0.00 5 5 1.00 0.00 0.20 0.00 0.40 0.40 0.00 0.00 imap.
0 tcp imap4 S0 0 0 0 0 0 0 0 0 0 0 0 0 0 0 0 0 0 0 1 1 1.00 1.00 0.00 0.00 1.00 0.00 0.00 6 6 1.00 0.00 0.17 0.00 0.50 0.50 0.00 0.00 imap.
0 tcp imap4 SH 0 0 0 0 0 0 0 0 0 0 0 0 0 0 0 0 0 0 1 122 1.00 0.76 0.00 0.04 1.00 0.00 0.37 7 7 1.00 0.00 0.71 0.00 0.57 0.57 0.00 0.00 imap.
0 tcp imap4 SH 0 0 0 0 0 0 0 0 0 0 0 0 0 0 0 0 0 0 2 123 1.00 0.76 0.00 0.04 1.00 0.00 0.37 8 8 1.00 0.00 0.75 0.00 0.62 0.62 0.00 0.00 imap.
0 tcp imap4 SF 0 0 0 0 0 0 0 0 0 0 0 0 0 0 0 0 0 0 3 124 0.67 0.76 0.00 0.04 1.00 0.00 0.36 9 9 1.00 0.00 0.78 0.00 0.56 0.56 0.00 0.00 imap.
0 tcp imap4 SF 0 0 0 0 0 2 0 0 0 0 0 0 0 0 0 0 0 0 4 125 0.50 0.75 0.00 0.04 1.00 0.00 0.36 10 10 1.00 0.00 0.80 0.00 0.50 0.50 0.00 0.00 imap.
0 tcp imap4 S1 1492 649186 0 0 0 0 0 0 0 0 0 0 0 0 0 0 0 0 1 1 1.00 1.00 0.00 0.00 1.00 0.00 0.00 11 11 1.00 0.00 0.09 0.00 0.55 0.55 0.00 0.00 imap.
17833 tcp telnet SF 5167 65909 0 0 0 0 0 1 0 0 0 0 1 0 0 0 0 0 2 1 0.00 0.00 0.00 0.00 0.50 1.00 0.00 255 51 0.20 0.02 0.00 0.00 0.64 0.78 0.00 0.00 normal.
13919 tcp telnet SF 7766 11508 0 0 0 0 0 1 0 0 0 0 7 0 1 0 0 0 1 1 0.00 0.00 0.00 0.00 1.00 0.00 0.00 255 52 0.20 0.02 0.00 0.00 0.60 0.75 0.00 0.00 normal.
0 tcp smtp SF 11512 1551 0 0 0 0 0 1 0 0 0 0 0 0 0 0 0 0 1 2 0.00 0.00 0.00 0.00 1.00 0.00 1.00 255 71 0.28 0.02 0.00 0.00 0.56 0.00 0.00 0.00 normal.
0 tcp smtp SF 1202 388 0 0 0 0 0 1 0 0 0 0 0 0 0 0 0 0 2 2 0.00 0.00 0.00 0.00 0.50 1.00 1.00 255 76 0.30 0.02 0.00 0.00 0.52 0.00 0.00 0.00 normal.
0 tcp smtp SF 1492 437 0 0 0 0 0 1 0 0 0 0 0 0 0 0 0 0 1 2 0.00 0.00 0.00 0.00 1.00 0.00 1.00 255 83 0.33 0.02 0.00 0.00 0.48 0.00 0.00 0.00 normal.
0 tcp smtp SF 1156 386 0 0 0 0 0 1 0 0 0 0 0 0 0 0 0 0 1 1 0.00 0.00 0.00 0.00 1.00 0.00 0.00 255 91 0.36 0.02 0.00 0.00 0.44 0.00 0.00 0.00 normal.
0 tcp smtp SF 1156 388 0 0 0 0 0 1 0 0 0 0 0 0 0 0 0 0 1 1 0.00 0.00 0.00 0.00 1.00 0.00 0.00 255 98 0.38 0.02 0.00 0.00 0.40 0.00 0.00 0.00 normal.
18848 tcp telnet SF 2327 418769 0 0 0 0 0 1 281 0 1 278 1 0 0 0 0 0 1 1 0.00 0.00 0.00 0.00 1.00 0.00 0.00 255 50 0.20 0.02 0.00 0.00 0.36 0.46 0.00 0.00 normal.
0 tcp ftp_data SF 1376 0 0 0 0 0 0 1 0 0 0 0 0 0 0 0 0 0 4 4 0.00 0.00 0.00 0.00 1.00 0.00 0.00 255 53 0.21 0.02 0.11 0.00 0.33 0.42 0.00 0.00 normal.
0 tcp ftp_data SF 59 0 0 0 0 0 0 1 0 0 0 0 0 0 0 0 0 0 14 14 0.00 0.00 0.00 0.00 1.00 0.00 0.00 255 61 0.24 0.02 0.15 0.00 0.29 0.33 0.00 0.00 normal.
0 tcp smtp SF 1388 389 0 0 0 0 0 1 0 0 0 0 1 0 0 0 0 0 1 2 0.00 0.00 0.00 0.00 1.00 0.00 1.00 255 109 0.43 0.02 0.00 0.00 0.25 0.00 0.00 0.00 normal.
337 tcp telnet SF 237 1540 0 0 0 0 0 1 0 0 1 0 1 1 1 0 0 0 1 1 0.00 0.00 0.00 0.00 1.00 0.00 0.00 255 47 0.18 0.02 0.00 0.00 0.22 0.32 0.00 0.00 spy.