31.000000  1 59 1 2402.000000  3814.000000  0.000000  0.000000  0.000000  3.000000  0.000000  1.000000  2.000000  1.000000  0.000000  0.000000  0.000000  0.000000  0.000000  0.000000  0.000000  0.000000  1.000000  1.000000  0.000000  0.000000  0.000000  0.000000  1.000000  0.000000  0.000000  2.000000  2.000000  1.000000  0.000000  0.500000  0.000000  0.000000  0.000000  0.000000  0.000000  1 
33.000000  1 59 1 2402.000000  3815.000000  0.000000  0.000000  0.000000  3.000000  0.000000  1.000000  2.000000  1.000000  0.000000  0.000000  0.000000  0.000000  0.000000  0.000000  0.000000  0.000000  1.000000  1.000000  0.000000  0.000000  0.000000  0.000000  1.000000  0.000000  0.000000  3.000000  3.000000  1.000000  0.000000  0.330000  0.000000  0.000000  0.000000  0.000000  0.000000  1 
162.000000  1 59 1 1567.000000  2738.000000  0.000000  0.000000  0.000000  3.000000  0.000000  1.000000  4.000000  1.000000  0.000000  0.000000  1.000000  0.000000  0.000000  0.000000  0.000000  0.000000  1.000000  1.000000  0.000000  0.000000  0.000000  0.000000  1.000000  0.000000  0.000000  4.000000  4.000000  1.000000  0.000000  0.250000  0.000000  0.000000  0.000000  0.000000  0.000000  1 
127.000000  1 59 1 1567.000000  2736.000000  0.000000  0.000000  0.000000  1.000000  0.000000  1.000000  0.000000  0.000000  0.000000  0.000000  1.000000  0.000000  0.000000  0.000000  0.000000  0.000000  83.000000  1.000000  0.990000  0.000000  0.000000  0.000000  0.010000  0.080000  0.000000  5.000000  5.000000  1.000000  0.000000  0.200000  0.000000  0.000000  0.000000  0.000000  0.000000  1 
321.000000  1 59 10 1506.000000  1887.000000  0.000000  0.000000  0.000000  0.000000  0.000000  1.000000  0.000000  0.000000  0.000000  0.000000  1.000000  0.000000  0.000000  0.000000  0.000000  0.000000  151.000000  1.000000  0.990000  0.000000  0.010000  1.000000  0.010000  0.060000  0.000000  6.000000  6.000000  1.000000  0.000000  0.170000  0.000000  0.000000  0.000000  0.170000  0.170000  1 
45.000000  1 59 1 2336.000000  4201.000000  0.000000  0.000000  0.000000  3.000000  0.000000  1.000000  1.000000  1.000000  0.000000  0.000000  0.000000  0.000000  0.000000  0.000000  0.000000  0.000000  2.000000  1.000000  0.000000  0.000000  0.500000  0.000000  0.500000  1.000000  0.000000  7.000000  7.000000  1.000000  0.000000  0.140000  0.000000  0.000000  0.000000  0.140000  0.140000  1 
176.000000  1 59 1 1559.000000  2732.000000  0.000000  0.000000  0.000000  3.000000  0.000000  1.000000  4.000000  1.000000  0.000000  0.000000  1.000000  0.000000  0.000000  0.000000  0.000000  0.000000  1.000000  1.000000  0.000000  0.000000  0.000000  0.000000  1.000000  0.000000  0.000000  8.000000  8.000000  1.000000  0.000000  0.120000  0.000000  0.000000  0.000000  0.120000  0.120000  1 
61.000000  1 59 1 2336.000000  4194.000000  0.000000  0.000000  0.000000  3.000000  0.000000  1.000000  1.000000  1.000000  0.000000  0.000000  0.000000  0.000000  0.000000  0.000000  0.000000  0.000000  1.000000  1.000000  0.000000  0.000000  0.000000  0.000000  1.000000  0.000000  0.000000  9.000000  9.000000  1.000000  0.000000  0.110000  0.000000  0.000000  0.000000  0.110000  0.110000  1 
47.000000  1 59 1 2402.000000  3816.000000  0.000000  0.000000  0.000000  3.000000  0.000000  1.000000  2.000000  1.000000  0.000000  0.000000  0.000000  0.000000  0.000000  0.000000  0.000000  0.000000  1.000000  1.000000  0.000000  0.000000  0.000000  0.000000  1.000000  0.000000  0.000000  10.000000  10.000000  1.000000  0.000000  0.100000  0.000000  0.000000  0.000000  0.100000  0.100000  1 
7.000000  1 21 1 230.000000  644.000000  0.000000  0.000000  0.000000  4.000000  0.000000  1.000000  0.000000  0.000000  0.000000  0.000000  4.000000  0.000000  0.000000  0.000000  0.000000  0.000000  1.000000  1.000000  0.000000  0.000000  0.000000  0.000000  1.000000  0.000000  0.000000  4.000000  1.000000  0.250000  0.750000  0.250000  0.000000  0.000000  0.000000  0.000000  0.000000  1 
31.000000  1 59 1 142.000000  1278.000000  0.000000  0.000000  0.000000  0.000000  0.000000  1.000000  0.000000  0.000000  0.000000  0.000000  1.000000  0.000000  0.000000  0.000000  0.000000  0.000000  1.000000  1.000000  0.000000  0.000000  0.000000  0.000000  1.000000  0.000000  0.000000  5.000000  3.000000  0.600000  0.600000  0.200000  0.000000  0.000000  0.000000  0.000000  0.000000  1 
21.000000  1 59 1 135.000000  1290.000000  0.000000  0.000000  0.000000  0.000000  0.000000  1.000000  0.000000  0.000000  0.000000  0.000000  0.000000  0.000000  0.000000  0.000000  0.000000  0.000000  1.000000  1.000000  0.000000  0.000000  0.000000  0.000000  1.000000  0.000000  0.000000  6.000000  4.000000  0.670000  0.500000  0.170000  0.000000  0.000000  0.000000  0.000000  0.000000  1 
60.000000  1 59 1 86.000000  183.000000  0.000000  0.000000  0.000000  0.000000  1.000000  0.000000  0.000000  0.000000  0.000000  0.000000  0.000000  0.000000  0.000000  0.000000  0.000000  0.000000  1.000000  1.000000  0.000000  0.000000  0.000000  0.000000  1.000000  0.000000  0.000000  255.000000  1.000000  0.000000  0.020000  0.000000  0.000000  0.000000  0.000000  0.000000  0.000000  1 
60.000000  1 59 1 90.000000  233.000000  0.000000  0.000000  0.000000  0.000000  0.000000  0.000000  0.000000  0.000000  0.000000  0.000000  0.000000  0.000000  0.000000  0.000000  0.000000  0.000000  1.000000  1.000000  0.000000  0.000000  0.000000  0.000000  1.000000  0.000000  0.000000  255.000000  2.000000  0.010000  0.020000  0.000000  0.000000  0.000000  0.000000  0.000000  0.000000  1 
708.000000  1 59 1 1727.000000  24080.000000  0.000000  0.000000  0.000000  0.000000  0.000000  1.000000  6.000000  0.000000  0.000000  7.000000  0.000000  0.000000  0.000000  0.000000  0.000000  0.000000  1.000000  1.000000  0.000000  0.000000  0.000000  0.000000  1.000000  0.000000  0.000000  255.000000  3.000000  0.010000  0.020000  0.000000  0.000000  0.000000  0.000000  0.000000  0.000000  1 
21.000000  1 21 1 89.000000  345.000000  0.000000  0.000000  0.000000  1.000000  0.000000  1.000000  0.000000  0.000000  0.000000  0.000000  1.000000  0.000000  0.000000  0.000000  0.000000  0.000000  1.000000  1.000000  0.000000  0.000000  0.000000  0.000000  1.000000  0.000000  0.000000  255.000000  1.000000  0.000000  0.020000  0.000000  0.000000  0.000000  0.000000  0.000000  0.000000  1 
98.000000  1 59 1 621.000000  8356.000000  0.000000  0.000000  1.000000  1.000000  0.000000  1.000000  5.000000  1.000000  0.000000  14.000000  1.000000  0.000000  0.000000  0.000000  0.000000  0.000000  1.000000  1.000000  0.000000  0.000000  0.000000  0.000000  1.000000  0.000000  0.000000  255.000000  4.000000  0.020000  0.020000  0.000000  0.000000  0.000000  0.000000  0.000000  0.000000  1 
0.000000  1 4 1 0.000000  5636.000000  0.000000  0.000000  0.000000  0.000000  0.000000  1.000000  2.000000  0.000000  0.000000  2.000000  0.000000  0.000000  0.000000  0.000000  0.000000  0.000000  1.000000  1.000000  0.000000  0.000000  0.000000  0.000000  1.000000  0.000000  0.000000  1.000000  41.000000  1.000000  0.000000  1.000000  0.100000  0.000000  0.000000  0.000000  0.000000  1 
5055.000000  1 4 1 5135678.000000  0.000000  0.000000  0.000000  0.000000  3.000000  0.000000  1.000000  0.000000  0.000000  0.000000  0.000000  0.000000  0.000000  0.000000  0.000000  0.000000  0.000000  1.000000  1.000000  0.000000  0.000000  0.000000  0.000000  1.000000  0.000000  0.000000  2.000000  42.000000  1.000000  0.000000  1.000000  0.100000  0.000000  0.000000  0.000000  0.000000  1 
2426.000000  1 4 2 2500058.000000  0.000000  0.000000  0.000000  0.000000  0.000000  0.000000  1.000000  0.000000  0.000000  0.000000  0.000000  0.000000  0.000000  0.000000  0.000000  0.000000  0.000000  1.000000  1.000000  0.000000  0.000000  1.000000  1.000000  1.000000  0.000000  0.000000  3.000000  43.000000  1.000000  0.000000  1.000000  0.090000  0.000000  0.000000  0.330000  0.020000  1 
0.000000  1 4 1 246.000000  0.000000  0.000000  0.000000  0.000000  0.000000  0.000000  1.000000  0.000000  0.000000  0.000000  0.000000  0.000000  0.000000  0.000000  0.000000  0.000000  0.000000  1.000000  1.000000  0.000000  0.000000  0.000000  0.000000  1.000000  0.000000  0.000000  4.000000  44.000000  1.000000  0.000000  1.000000  0.090000  0.000000  0.000000  0.250000  0.020000  1 
12.000000  1 4 1 7045.000000  0.000000  0.000000  0.000000  0.000000  0.000000  0.000000  1.000000  0.000000  0.000000  0.000000  0.000000  0.000000  0.000000  0.000000  0.000000  0.000000  0.000000  2.000000  2.000000  0.000000  0.000000  0.000000  0.000000  1.000000  0.000000  0.000000  5.000000  45.000000  1.000000  0.000000  1.000000  0.090000  0.000000  0.000000  0.200000  0.020000  1 
4.000000  1 4 1 832.000000  0.000000  0.000000  0.000000  0.000000  0.000000  0.000000  1.000000  0.000000  0.000000  0.000000  0.000000  0.000000  0.000000  0.000000  0.000000  0.000000  0.000000  1.000000  1.000000  0.000000  0.000000  0.000000  0.000000  1.000000  0.000000  0.000000  6.000000  46.000000  1.000000  0.000000  1.000000  0.090000  0.000000  0.000000  0.170000  0.020000  1 
5047.000000  1 4 1 5133876.000000  0.000000  0.000000  0.000000  0.000000  5.000000  0.000000  1.000000  0.000000  0.000000  0.000000  0.000000  0.000000  0.000000  0.000000  0.000000  0.000000  0.000000  1.000000  1.000000  0.000000  0.000000  0.000000  0.000000  1.000000  0.000000  0.000000  7.000000  47.000000  1.000000  0.000000  1.000000  0.090000  0.000000  0.000000  0.140000  0.020000  1 
0.000000  1 3 3 0.000000  0.000000  0.000000  0.000000  0.000000  0.000000  0.000000  0.000000  0.000000  0.000000  0.000000  0.000000  0.000000  0.000000  0.000000  0.000000  0.000000  0.000000  1.000000  1.000000  0.000000  0.000000  1.000000  1.000000  1.000000  0.000000  0.000000  5.000000  255.000000  1.000000  0.000000  0.200000  0.320000  0.000000  0.000000  1.000000  1.000000  0 
0.000000  1 3 3 0.000000  0.000000  0.000000  0.000000  0.000000  0.000000  0.000000  0.000000  0.000000  0.000000  0.000000  0.000000  0.000000  0.000000  0.000000  0.000000  0.000000  0.000000  1.000000  1.000000  0.000000  0.000000  1.000000  1.000000  1.000000  0.000000  0.000000  1.000000  255.000000  1.000000  0.000000  1.000000  0.340000  0.000000  0.000000  1.000000  1.000000  0 
0.000000  1 3 3 0.000000  0.000000  0.000000  0.000000  0.000000  0.000000  0.000000  0.000000  0.000000  0.000000  0.000000  0.000000  0.000000  0.000000  0.000000  0.000000  0.000000  0.000000  1.000000  1.000000  0.000000  0.000000  1.000000  1.000000  1.000000  0.000000  0.000000  1.000000  255.000000  1.000000  0.000000  1.000000  0.340000  0.000000  0.000000  1.000000  1.000000  0 
0.000000  2 45 1 4.000000  4.000000  0.000000  0.000000  0.000000  0.000000  0.000000  0.000000  0.000000  0.000000  0.000000  0.000000  0.000000  0.000000  0.000000  0.000000  0.000000  0.000000  1.000000  1.000000  0.000000  0.000000  0.000000  0.000000  1.000000  0.000000  0.000000  1.000000  1.000000  1.000000  0.000000  1.000000  0.000000  0.000000  0.000000  0.000000  0.000000  1 
0.000000  2 45 1 4.000000  0.000000  0.000000  0.000000  0.000000  0.000000  0.000000  0.000000  0.000000  0.000000  0.000000  0.000000  0.000000  0.000000  0.000000  0.000000  0.000000  0.000000  2.000000  2.000000  0.000000  0.000000  0.000000  0.000000  1.000000  0.000000  0.000000  2.000000  2.000000  1.000000  0.000000  0.500000  0.000000  0.000000  0.000000  0.000000  0.000000  1 
0.000000  1 4 1 334.000000  0.000000  0.000000  0.000000  0.000000  0.000000  0.000000  1.000000  0.000000  0.000000  0.000000  0.000000  0.000000  0.000000  0.000000  0.000000  0.000000  0.000000  1.000000  1.000000  0.000000  0.000000  0.000000  0.000000  1.000000  0.000000  0.000000  1.000000  1.000000  1.000000  0.000000  1.000000  0.000000  0.000000  0.000000  0.000000  0.000000  1 
0.000000  1 4 1 334.000000  0.000000  0.000000  0.000000  0.000000  0.000000  0.000000  1.000000  0.000000  0.000000  0.000000  0.000000  0.000000  0.000000  0.000000  0.000000  0.000000  0.000000  2.000000  2.000000  0.000000  0.000000  0.000000  0.000000  1.000000  0.000000  0.000000  2.000000  2.000000  1.000000  0.000000  1.000000  0.000000  0.000000  0.000000  0.000000  0.000000  1 
0.000000  1 4 1 334.000000  0.000000  0.000000  0.000000  0.000000  0.000000  0.000000  1.000000  0.000000  0.000000  0.000000  0.000000  0.000000  0.000000  0.000000  0.000000  0.000000  0.000000  1.000000  1.000000  0.000000  0.000000  0.000000  0.000000  1.000000  0.000000  0.000000  3.000000  3.000000  1.000000  0.000000  1.000000  0.000000  0.000000  0.000000  0.000000  0.000000  1 
0.000000  1 4 1 334.000000  0.000000  0.000000  0.000000  0.000000  0.000000  0.000000  1.000000  0.000000  0.000000  0.000000  0.000000  0.000000  0.000000  0.000000  0.000000  0.000000  0.000000  2.000000  2.000000  0.000000  0.000000  0.000000  0.000000  1.000000  0.000000  0.000000  4.000000  4.000000  1.000000  0.000000  1.000000  0.000000  0.000000  0.000000  0.000000  0.000000  1 
0.000000  1 4 1 334.000000  0.000000  0.000000  0.000000  0.000000  0.000000  0.000000  1.000000  0.000000  0.000000  0.000000  0.000000  0.000000  0.000000  0.000000  0.000000  0.000000  0.000000  2.000000  2.000000  0.000000  0.000000  0.000000  0.000000  1.000000  0.000000  0.000000  7.000000  19.000000  1.000000  0.000000  1.000000  0.210000  0.000000  0.000000  0.000000  0.000000  1 
0.000000  1 4 1 334.000000  0.000000  0.000000  0.000000  0.000000  0.000000  0.000000  1.000000  0.000000  0.000000  0.000000  0.000000  0.000000  0.000000  0.000000  0.000000  0.000000  0.000000  1.000000  1.000000  0.000000  0.000000  0.000000  0.000000  1.000000  0.000000  0.000000  8.000000  20.000000  1.000000  0.000000  1.000000  0.200000  0.000000  0.000000  0.000000  0.000000  1 
0.000000  1 4 1 334.000000  0.000000  0.000000  0.000000  0.000000  0.000000  0.000000  1.000000  0.000000  0.000000  0.000000  0.000000  0.000000  0.000000  0.000000  0.000000  0.000000  0.000000  2.000000  2.000000  0.000000  0.000000  0.000000  0.000000  1.000000  0.000000  0.000000  9.000000  21.000000  1.000000  0.000000  1.000000  0.190000  0.000000  0.000000  0.000000  0.000000  1 
0.000000  1 4 1 334.000000  0.000000  0.000000  0.000000  0.000000  0.000000  0.000000  1.000000  0.000000  0.000000  0.000000  0.000000  0.000000  0.000000  0.000000  0.000000  0.000000  0.000000  1.000000  1.000000  0.000000  0.000000  0.000000  0.000000  1.000000  0.000000  0.000000  10.000000  22.000000  1.000000  0.000000  1.000000  0.180000  0.000000  0.000000  0.000000  0.000000  1 
0.000000  1 4 1 334.000000  0.000000  0.000000  0.000000  0.000000  0.000000  0.000000  1.000000  0.000000  0.000000  0.000000  0.000000  0.000000  0.000000  0.000000  0.000000  0.000000  0.000000  2.000000  2.000000  0.000000  0.000000  0.000000  0.000000  1.000000  0.000000  0.000000  11.000000  23.000000  1.000000  0.000000  1.000000  0.170000  0.000000  0.000000  0.000000  0.000000  1 
0.000000  1 4 1 334.000000  0.000000  0.000000  0.000000  0.000000  0.000000  0.000000  1.000000  0.000000  0.000000  0.000000  0.000000  0.000000  0.000000  0.000000  0.000000  0.000000  0.000000  1.000000  1.000000  0.000000  0.000000  0.000000  0.000000  1.000000  0.000000  0.000000  12.000000  24.000000  1.000000  0.000000  1.000000  0.170000  0.000000  0.000000  0.000000  0.000000  1 
0.000000  1 4 1 334.000000  0.000000  0.000000  0.000000  0.000000  0.000000  0.000000  1.000000  0.000000  0.000000  0.000000  0.000000  0.000000  0.000000  0.000000  0.000000  0.000000  0.000000  2.000000  2.000000  0.000000  0.000000  0.000000  0.000000  1.000000  0.000000  0.000000  13.000000  25.000000  1.000000  0.000000  1.000000  0.160000  0.000000  0.000000  0.000000  0.000000  1 
0.000000  1 4 1 0.000000  7181.000000  0.000000  0.000000  0.000000  0.000000  0.000000  0.000000  0.000000  0.000000  0.000000  0.000000  0.000000  0.000000  0.000000  0.000000  0.000000  0.000000  1.000000  1.000000  0.000000  0.000000  0.000000  0.000000  1.000000  0.000000  0.000000  1.000000  1.000000  1.000000  0.000000  1.000000  0.000000  0.000000  0.000000  0.000000  0.000000  1 
0.000000  1 4 1 0.000000  848.000000  0.000000  0.000000  0.000000  0.000000  0.000000  0.000000  0.000000  0.000000  0.000000  0.000000  0.000000  0.000000  0.000000  0.000000  0.000000  0.000000  2.000000  2.000000  0.000000  0.000000  0.000000  0.000000  1.000000  0.000000  0.000000  2.000000  2.000000  1.000000  0.000000  1.000000  0.000000  0.000000  0.000000  0.000000  0.000000  1 
9.000000  1 4 1 0.000000  5153460.000000  0.000000  0.000000  0.000000  0.000000  0.000000  0.000000  0.000000  0.000000  0.000000  0.000000  0.000000  0.000000  0.000000  0.000000  0.000000  0.000000  3.000000  3.000000  0.000000  0.000000  0.000000  0.000000  1.000000  0.000000  0.000000  3.000000  3.000000  1.000000  0.000000  1.000000  0.000000  0.000000  0.000000  0.000000  0.000000  1 
10.000000  1 4 1 0.000000  5155468.000000  0.000000  0.000000  0.000000  0.000000  0.000000  0.000000  0.000000  0.000000  0.000000  0.000000  0.000000  0.000000  0.000000  0.000000  0.000000  0.000000  1.000000  1.000000  0.000000  0.000000  0.000000  0.000000  1.000000  0.000000  0.000000  4.000000  4.000000  1.000000  0.000000  1.000000  0.000000  0.000000  0.000000  0.000000  0.000000  1 
10.000000  1 4 1 0.000000  5151385.000000  0.000000  0.000000  0.000000  0.000000  0.000000  0.000000  0.000000  0.000000  0.000000  0.000000  0.000000  0.000000  0.000000  0.000000  0.000000  0.000000  1.000000  1.000000  0.000000  0.000000  0.000000  0.000000  1.000000  0.000000  0.000000  5.000000  5.000000  1.000000  0.000000  1.000000  0.000000  0.000000  0.000000  0.000000  0.000000  1 
9.000000  1 4 1 0.000000  5150836.000000  0.000000  0.000000  0.000000  0.000000  0.000000  0.000000  0.000000  0.000000  0.000000  0.000000  0.000000  0.000000  0.000000  0.000000  0.000000  0.000000  1.000000  1.000000  0.000000  0.000000  0.000000  0.000000  1.000000  0.000000  0.000000  6.000000  6.000000  1.000000  0.000000  1.000000  0.000000  0.000000  0.000000  0.000000  0.000000  1 
10.000000  1 4 1 0.000000  5150823.000000  0.000000  0.000000  0.000000  0.000000  0.000000  0.000000  0.000000  0.000000  0.000000  0.000000  0.000000  0.000000  0.000000  0.000000  0.000000  0.000000  1.000000  1.000000  0.000000  0.000000  0.000000  0.000000  1.000000  0.000000  0.000000  7.000000  7.000000  1.000000  0.000000  1.000000  0.000000  0.000000  0.000000  0.000000  0.000000  1 
10.000000  1 4 1 0.000000  5150877.000000  0.000000  0.000000  0.000000  0.000000  0.000000  0.000000  0.000000  0.000000  0.000000  0.000000  0.000000  0.000000  0.000000  0.000000  0.000000  0.000000  1.000000  1.000000  0.000000  0.000000  0.000000  0.000000  1.000000  0.000000  0.000000  8.000000  8.000000  1.000000  0.000000  1.000000  0.000000  0.000000  0.000000  0.000000  0.000000  1 
9.000000  1 4 1 0.000000  5150772.000000  0.000000  0.000000  0.000000  0.000000  0.000000  0.000000  0.000000  0.000000  0.000000  0.000000  0.000000  0.000000  0.000000  0.000000  0.000000  0.000000  1.000000  1.000000  0.000000  0.000000  0.000000  0.000000  1.000000  0.000000  0.000000  9.000000  9.000000  1.000000  0.000000  1.000000  0.000000  0.000000  0.000000  0.000000  0.000000  1 
10.000000  1 4 1 0.000000  5150841.000000  0.000000  0.000000  0.000000  0.000000  0.000000  0.000000  0.000000  0.000000  0.000000  0.000000  0.000000  0.000000  0.000000  0.000000  0.000000  0.000000  1.000000  1.000000  0.000000  0.000000  0.000000  0.000000  1.000000  0.000000  0.000000  10.000000  10.000000  1.000000  0.000000  1.000000  0.000000  0.000000  0.000000  0.000000  0.000000  1 
10.000000  1 4 1 0.000000  5150790.000000  0.000000  0.000000  0.000000  0.000000  0.000000  0.000000  0.000000  0.000000  0.000000  0.000000  0.000000  0.000000  0.000000  0.000000  0.000000  0.000000  1.000000  1.000000  0.000000  0.000000  0.000000  0.000000  1.000000  0.000000  0.000000  11.000000  11.000000  1.000000  0.000000  1.000000  0.000000  0.000000  0.000000  0.000000  0.000000  1 
9.000000  1 4 1 0.000000  5153771.000000  0.000000  0.000000  0.000000  0.000000  0.000000  0.000000  0.000000  0.000000  0.000000  0.000000  0.000000  0.000000  0.000000  0.000000  0.000000  0.000000  1.000000  1.000000  0.000000  0.000000  0.000000  0.000000  1.000000  0.000000  0.000000  12.000000  12.000000  1.000000  0.000000  1.000000  0.000000  0.000000  0.000000  0.000000  0.000000  1 
9.000000  1 4 1 0.000000  5151049.000000  0.000000  0.000000  0.000000  0.000000  0.000000  0.000000  0.000000  0.000000  0.000000  0.000000  0.000000  0.000000  0.000000  0.000000  0.000000  0.000000  1.000000  1.000000  0.000000  0.000000  0.000000  0.000000  1.000000  0.000000  0.000000  13.000000  13.000000  1.000000  0.000000  1.000000  0.000000  0.000000  0.000000  0.000000  0.000000  1 
9.000000  1 4 1 0.000000  5149533.000000  0.000000  0.000000  0.000000  0.000000  0.000000  0.000000  0.000000  0.000000  0.000000  0.000000  0.000000  0.000000  0.000000  0.000000  0.000000  0.000000  1.000000  1.000000  0.000000  0.000000  0.000000  0.000000  1.000000  0.000000  0.000000  14.000000  14.000000  1.000000  0.000000  1.000000  0.000000  0.000000  0.000000  0.000000  0.000000  1 
9.000000  1 4 1 0.000000  5150938.000000  0.000000  0.000000  0.000000  0.000000  0.000000  0.000000  0.000000  0.000000  0.000000  0.000000  0.000000  0.000000  0.000000  0.000000  0.000000  0.000000  1.000000  1.000000  0.000000  0.000000  0.000000  0.000000  1.000000  0.000000  0.000000  15.000000  15.000000  1.000000  0.000000  1.000000  0.000000  0.000000  0.000000  0.000000  0.000000  1 
10.000000  1 4 1 0.000000  5151154.000000  0.000000  0.000000  0.000000  0.000000  0.000000  0.000000  0.000000  0.000000  0.000000  0.000000  0.000000  0.000000  0.000000  0.000000  0.000000  0.000000  1.000000  1.000000  0.000000  0.000000  0.000000  0.000000  1.000000  0.000000  0.000000  16.000000  16.000000  1.000000  0.000000  1.000000  0.000000  0.000000  0.000000  0.000000  0.000000  1 
0.000000  1 5 1 1744.000000  335.000000  0.000000  0.000000  0.000000  0.000000  0.000000  1.000000  0.000000  0.000000  0.000000  0.000000  0.000000  0.000000  0.000000  0.000000  0.000000  0.000000  1.000000  1.000000  0.000000  0.000000  0.000000  0.000000  1.000000  0.000000  0.000000  146.000000  166.000000  0.640000  0.020000  0.010000  0.010000  0.000000  0.000000  0.000000  0.000000  0 
0.000000  1 7 1 7.000000  139.000000  0.000000  0.000000  0.000000  0.000000  0.000000  0.000000  0.000000  0.000000  0.000000  0.000000  0.000000  0.000000  0.000000  0.000000  0.000000  0.000000  1.000000  1.000000  0.000000  0.000000  0.000000  0.000000  1.000000  0.000000  0.000000  156.000000  12.000000  0.030000  0.020000  0.010000  0.170000  0.000000  0.000000  0.000000  0.000000  0 
60.000000  1 59 7 125.000000  179.000000  0.000000  0.000000  0.000000  1.000000  1.000000  0.000000  0.000000  0.000000  0.000000  0.000000  0.000000  0.000000  0.000000  0.000000  0.000000  0.000000  1.000000  1.000000  1.000000  1.000000  0.000000  0.000000  1.000000  0.000000  0.000000  1.000000  1.000000  1.000000  0.000000  1.000000  0.000000  1.000000  1.000000  0.000000  0.000000  1 
0.000000  1 59 10 125.000000  179.000000  0.000000  0.000000  0.000000  1.000000  1.000000  0.000000  0.000000  0.000000  0.000000  0.000000  0.000000  0.000000  0.000000  0.000000  0.000000  0.000000  2.000000  2.000000  0.500000  0.500000  0.500000  0.500000  1.000000  0.000000  0.000000  2.000000  2.000000  1.000000  0.000000  0.500000  0.000000  0.500000  0.500000  0.500000  0.500000  1 
0.000000  1 59 10 125.000000  179.000000  0.000000  0.000000  0.000000  1.000000  1.000000  0.000000  0.000000  0.000000  0.000000  0.000000  0.000000  0.000000  0.000000  0.000000  0.000000  0.000000  2.000000  2.000000  0.000000  0.000000  1.000000  1.000000  1.000000  0.000000  0.000000  3.000000  3.000000  1.000000  0.000000  0.330000  0.000000  0.330000  0.330000  0.670000  0.670000  1 
0.000000  1 59 10 125.000000  179.000000  0.000000  0.000000  0.000000  1.000000  1.000000  0.000000  0.000000  0.000000  0.000000  0.000000  0.000000  0.000000  0.000000  0.000000  0.000000  0.000000  1.000000  1.000000  0.000000  0.000000  1.000000  1.000000  1.000000  0.000000  0.000000  4.000000  4.000000  1.000000  0.000000  0.250000  0.000000  0.250000  0.250000  0.750000  0.750000  1 
0.000000  1 59 10 125.000000  179.000000  0.000000  0.000000  0.000000  1.000000  1.000000  0.000000  0.000000  0.000000  0.000000  0.000000  0.000000  0.000000  0.000000  0.000000  0.000000  0.000000  2.000000  2.000000  0.000000  0.000000  1.000000  1.000000  1.000000  0.000000  0.000000  5.000000  5.000000  1.000000  0.000000  0.200000  0.000000  0.200000  0.200000  0.800000  0.800000  1 
0.000000  1 59 10 125.000000  179.000000  0.000000  0.000000  0.000000  1.000000  1.000000  0.000000  0.000000  0.000000  0.000000  0.000000  0.000000  0.000000  0.000000  0.000000  0.000000  0.000000  2.000000  2.000000  0.000000  0.000000  1.000000  1.000000  1.000000  0.000000  0.000000  6.000000  6.000000  1.000000  0.000000  0.170000  0.000000  0.170000  0.170000  0.830000  0.830000  1 
0.000000  1 59 10 125.000000  179.000000  0.000000  0.000000  0.000000  1.000000  1.000000  0.000000  0.000000  0.000000  0.000000  0.000000  0.000000  0.000000  0.000000  0.000000  0.000000  0.000000  2.000000  2.000000  0.000000  0.000000  1.000000  1.000000  1.000000  0.000000  0.000000  7.000000  7.000000  1.000000  0.000000  0.140000  0.000000  0.140000  0.140000  0.860000  0.860000  1 
0.000000  1 59 10 125.000000  179.000000  0.000000  0.000000  0.000000  1.000000  1.000000  0.000000  0.000000  0.000000  0.000000  0.000000  0.000000  0.000000  0.000000  0.000000  0.000000  0.000000  2.000000  2.000000  0.000000  0.000000  1.000000  1.000000  1.000000  0.000000  0.000000  8.000000  8.000000  1.000000  0.000000  0.120000  0.000000  0.120000  0.120000  0.880000  0.880000  1 
0.000000  1 59 10 125.000000  179.000000  0.000000  0.000000  0.000000  1.000000  1.000000  0.000000  0.000000  0.000000  0.000000  0.000000  0.000000  0.000000  0.000000  0.000000  0.000000  0.000000  2.000000  2.000000  0.000000  0.000000  1.000000  1.000000  1.000000  0.000000  0.000000  9.000000  9.000000  1.000000  0.000000  0.110000  0.000000  0.110000  0.110000  0.890000  0.890000  1 
0.000000  1 59 10 125.000000  179.000000  0.000000  0.000000  0.000000  1.000000  1.000000  0.000000  0.000000  0.000000  0.000000  0.000000  0.000000  0.000000  0.000000  0.000000  0.000000  0.000000  2.000000  2.000000  0.000000  0.000000  1.000000  1.000000  1.000000  0.000000  0.000000  10.000000  10.000000  1.000000  0.000000  0.100000  0.000000  0.100000  0.100000  0.900000  0.900000  1 
0.000000  1 59 10 126.000000  179.000000  0.000000  0.000000  0.000000  1.000000  1.000000  0.000000  0.000000  0.000000  0.000000  0.000000  0.000000  0.000000  0.000000  0.000000  0.000000  0.000000  2.000000  2.000000  0.000000  0.000000  1.000000  1.000000  1.000000  0.000000  0.000000  11.000000  11.000000  1.000000  0.000000  0.090000  0.000000  0.090000  0.090000  0.910000  0.910000  1 
0.000000  1 59 10 126.000000  179.000000  0.000000  0.000000  0.000000  1.000000  1.000000  0.000000  0.000000  0.000000  0.000000  0.000000  0.000000  0.000000  0.000000  0.000000  0.000000  0.000000  2.000000  2.000000  0.000000  0.000000  1.000000  1.000000  1.000000  0.000000  0.000000  12.000000  12.000000  1.000000  0.000000  0.080000  0.000000  0.080000  0.080000  0.920000  0.920000  1 
0.000000  1 28 8 0.000000  0.000000  0.000000  0.000000  0.000000  0.000000  0.000000  0.000000  0.000000  0.000000  0.000000  0.000000  0.000000  0.000000  0.000000  0.000000  0.000000  0.000000  1.000000  160.000000  1.000000  0.580000  0.000000  0.030000  1.000000  0.000000  0.280000  1.000000  1.000000  1.000000  0.000000  1.000000  0.000000  1.000000  1.000000  0.000000  0.000000  1 
0.000000  1 28 8 0.000000  0.000000  0.000000  0.000000  0.000000  0.000000  0.000000  0.000000  0.000000  0.000000  0.000000  0.000000  0.000000  0.000000  0.000000  0.000000  0.000000  0.000000  2.000000  161.000000  1.000000  0.580000  0.000000  0.030000  1.000000  0.000000  0.280000  2.000000  2.000000  1.000000  0.000000  1.000000  0.000000  1.000000  1.000000  0.000000  0.000000  1 
0.000000  1 28 1 0.000000  0.000000  0.000000  0.000000  0.000000  0.000000  0.000000  0.000000  0.000000  0.000000  0.000000  0.000000  0.000000  0.000000  0.000000  0.000000  0.000000  0.000000  3.000000  162.000000  0.670000  0.580000  0.000000  0.030000  1.000000  0.000000  0.280000  3.000000  3.000000  1.000000  0.000000  1.000000  0.000000  0.670000  0.670000  0.000000  0.000000  1 
0.000000  1 28 1 0.000000  0.000000  0.000000  0.000000  0.000000  2.000000  0.000000  0.000000  0.000000  0.000000  0.000000  0.000000  0.000000  0.000000  0.000000  0.000000  0.000000  0.000000  4.000000  163.000000  0.500000  0.580000  0.000000  0.030000  1.000000  0.000000  0.280000  4.000000  4.000000  1.000000  0.000000  1.000000  0.000000  0.500000  0.500000  0.000000  0.000000  1 
41.000000  1 28 1 1334.000000  162.000000  0.000000  0.000000  0.000000  0.000000  0.000000  0.000000  0.000000  0.000000  0.000000  0.000000  0.000000  0.000000  0.000000  0.000000  0.000000  0.000000  1.000000  1.000000  0.000000  0.000000  0.000000  0.000000  1.000000  0.000000  0.000000  5.000000  5.000000  1.000000  0.000000  0.200000  0.000000  0.400000  0.400000  0.000000  0.000000  1 
0.000000  1 28 4 0.000000  0.000000  0.000000  0.000000  0.000000  0.000000  0.000000  0.000000  0.000000  0.000000  0.000000  0.000000  0.000000  0.000000  0.000000  0.000000  0.000000  0.000000  1.000000  1.000000  1.000000  1.000000  0.000000  0.000000  1.000000  0.000000  0.000000  6.000000  6.000000  1.000000  0.000000  0.170000  0.000000  0.500000  0.500000  0.000000  0.000000  1 
0.000000  1 28 8 0.000000  0.000000  0.000000  0.000000  0.000000  0.000000  0.000000  0.000000  0.000000  0.000000  0.000000  0.000000  0.000000  0.000000  0.000000  0.000000  0.000000  0.000000  1.000000  122.000000  1.000000  0.760000  0.000000  0.040000  1.000000  0.000000  0.370000  7.000000  7.000000  1.000000  0.000000  0.710000  0.000000  0.570000  0.570000  0.000000  0.000000  1 
0.000000  1 28 8 0.000000  0.000000  0.000000  0.000000  0.000000  0.000000  0.000000  0.000000  0.000000  0.000000  0.000000  0.000000  0.000000  0.000000  0.000000  0.000000  0.000000  0.000000  2.000000  123.000000  1.000000  0.760000  0.000000  0.040000  1.000000  0.000000  0.370000  8.000000  8.000000  1.000000  0.000000  0.750000  0.000000  0.620000  0.620000  0.000000  0.000000  1 
0.000000  1 28 1 0.000000  0.000000  0.000000  0.000000  0.000000  0.000000  0.000000  0.000000  0.000000  0.000000  0.000000  0.000000  0.000000  0.000000  0.000000  0.000000  0.000000  0.000000  3.000000  124.000000  0.670000  0.760000  0.000000  0.040000  1.000000  0.000000  0.360000  9.000000  9.000000  1.000000  0.000000  0.780000  0.000000  0.560000  0.560000  0.000000  0.000000  1 
0.000000  1 28 1 0.000000  0.000000  0.000000  0.000000  0.000000  2.000000  0.000000  0.000000  0.000000  0.000000  0.000000  0.000000  0.000000  0.000000  0.000000  0.000000  0.000000  0.000000  4.000000  125.000000  0.500000  0.750000  0.000000  0.040000  1.000000  0.000000  0.360000  10.000000  10.000000  1.000000  0.000000  0.800000  0.000000  0.500000  0.500000  0.000000  0.000000  1 
0.000000  1 28 5 1492.000000  649186.000000  0.000000  0.000000  0.000000  0.000000  0.000000  0.000000  0.000000  0.000000  0.000000  0.000000  0.000000  0.000000  0.000000  0.000000  0.000000  0.000000  1.000000  1.000000  1.000000  1.000000  0.000000  0.000000  1.000000  0.000000  0.000000  11.000000  11.000000  1.000000  0.000000  0.090000  0.000000  0.550000  0.550000  0.000000  0.000000  1 
17833.000000  1 59 1 5167.000000  65909.000000  0.000000  0.000000  0.000000  0.000000  0.000000  1.000000  0.000000  0.000000  0.000000  0.000000  1.000000  0.000000  0.000000  0.000000  0.000000  0.000000  2.000000  1.000000  0.000000  0.000000  0.000000  0.000000  0.500000  1.000000  0.000000  255.000000  51.000000  0.200000  0.020000  0.000000  0.000000  0.640000  0.780000  0.000000  0.000000  0 
13919.000000  1 59 1 7766.000000  11508.000000  0.000000  0.000000  0.000000  0.000000  0.000000  1.000000  0.000000  0.000000  0.000000  0.000000  7.000000  0.000000  1.000000  0.000000  0.000000  0.000000  1.000000  1.000000  0.000000  0.000000  0.000000  0.000000  1.000000  0.000000  0.000000  255.000000  52.000000  0.200000  0.020000  0.000000  0.000000  0.600000  0.750000  0.000000  0.000000  0 
0.000000  1 5 1 11512.000000  1551.000000  0.000000  0.000000  0.000000  0.000000  0.000000  1.000000  0.000000  0.000000  0.000000  0.000000  0.000000  0.000000  0.000000  0.000000  0.000000  0.000000  1.000000  2.000000  0.000000  0.000000  0.000000  0.000000  1.000000  0.000000  1.000000  255.000000  71.000000  0.280000  0.020000  0.000000  0.000000  0.560000  0.000000  0.000000  0.000000  0 
0.000000  1 5 1 1202.000000  388.000000  0.000000  0.000000  0.000000  0.000000  0.000000  1.000000  0.000000  0.000000  0.000000  0.000000  0.000000  0.000000  0.000000  0.000000  0.000000  0.000000  2.000000  2.000000  0.000000  0.000000  0.000000  0.000000  0.500000  1.000000  1.000000  255.000000  76.000000  0.300000  0.020000  0.000000  0.000000  0.520000  0.000000  0.000000  0.000000  0 
0.000000  1 5 1 1492.000000  437.000000  0.000000  0.000000  0.000000  0.000000  0.000000  1.000000  0.000000  0.000000  0.000000  0.000000  0.000000  0.000000  0.000000  0.000000  0.000000  0.000000  1.000000  2.000000  0.000000  0.000000  0.000000  0.000000  1.000000  0.000000  1.000000  255.000000  83.000000  0.330000  0.020000  0.000000  0.000000  0.480000  0.000000  0.000000  0.000000  0 
0.000000  1 5 1 1156.000000  386.000000  0.000000  0.000000  0.000000  0.000000  0.000000  1.000000  0.000000  0.000000  0.000000  0.000000  0.000000  0.000000  0.000000  0.000000  0.000000  0.000000  1.000000  1.000000  0.000000  0.000000  0.000000  0.000000  1.000000  0.000000  0.000000  255.000000  91.000000  0.360000  0.020000  0.000000  0.000000  0.440000  0.000000  0.000000  0.000000  0 
0.000000  1 5 1 1156.000000  388.000000  0.000000  0.000000  0.000000  0.000000  0.000000  1.000000  0.000000  0.000000  0.000000  0.000000  0.000000  0.000000  0.000000  0.000000  0.000000  0.000000  1.000000  1.000000  0.000000  0.000000  0.000000  0.000000  1.000000  0.000000  0.000000  255.000000  98.000000  0.380000  0.020000  0.000000  0.000000  0.400000  0.000000  0.000000  0.000000  0 
18848.000000  1 59 1 2327.000000  418769.000000  0.000000  0.000000  0.000000  0.000000  0.000000  1.000000  281.000000  0.000000  1.000000  278.000000  1.000000  0.000000  0.000000  0.000000  0.000000  0.000000  1.000000  1.000000  0.000000  0.000000  0.000000  0.000000  1.000000  0.000000  0.000000  255.000000  50.000000  0.200000  0.020000  0.000000  0.000000  0.360000  0.460000  0.000000  0.000000  0 
0.000000  1 4 1 1376.000000  0.000000  0.000000  0.000000  0.000000  0.000000  0.000000  1.000000  0.000000  0.000000  0.000000  0.000000  0.000000  0.000000  0.000000  0.000000  0.000000  0.000000  4.000000  4.000000  0.000000  0.000000  0.000000  0.000000  1.000000  0.000000  0.000000  255.000000  53.000000  0.210000  0.020000  0.110000  0.000000  0.330000  0.420000  0.000000  0.000000  0 
337.000000  1 59 1 237.000000  1540.000000  0.000000  0.000000  0.000000  0.000000  0.000000  1.000000  0.000000  0.000000  1.000000  0.000000  1.000000  1.000000  1.000000  0.000000  0.000000  0.000000  1.000000  1.000000  0.000000  0.000000  0.000000  0.000000  1.000000  0.000000  0.000000  255.000000  47.000000  0.180000  0.020000  0.000000  0.000000  0.220000  0.320000  0.000000  0.000000  1 
0.000000  1 4 1 59.000000  0.000000  0.000000  0.000000  0.000000  0.000000  0.000000  1.000000  0.000000  0.000000  0.000000  0.000000  0.000000  0.000000  0.000000  0.000000  0.000000  0.000000  14.000000  14.000000  0.000000  0.000000  0.000000  0.000000  1.000000  0.000000  0.000000  255.000000  61.000000  0.240000  0.020000  0.150000  0.000000  0.290000  0.330000  0.000000  0.000000  0 
0.000000  1 5 1 1388.000000  389.000000  0.000000  0.000000  0.000000  0.000000  0.000000  1.000000  0.000000  0.000000  0.000000  0.000000  1.000000  0.000000  0.000000  0.000000  0.000000  0.000000  1.000000  2.000000  0.000000  0.000000  0.000000  0.000000  1.000000  0.000000  1.000000  255.000000  109.000000  0.430000  0.020000  0.000000  0.000000  0.250000  0.000000  0.000000  0.000000  0 
