31.000000  1 59 1 2402.000000  3814.000000  0.000000  0.000000  0.000000  3.000000  0.000000  1.000000  2.000000  1.000000  0.000000  0.000000  0.000000  0.000000  0.000000  0.000000  0.000000  0.000000  1.000000  1.000000  0.000000  0.000000  0.000000  0.000000  1.000000  0.000000  0.000000  2.000000  2.000000  1.000000  0.000000  0.500000  0.000000  0.000000  0.000000  0.000000  0.000000  1 
33.000000  1 59 1 2402.000000  3815.000000  0.000000  0.000000  0.000000  3.000000  0.000000  1.000000  2.000000  1.000000  0.000000  0.000000  0.000000  0.000000  0.000000  0.000000  0.000000  0.000000  1.000000  1.000000  0.000000  0.000000  0.000000  0.000000  1.000000  0.000000  0.000000  3.000000  3.000000  1.000000  0.000000  0.330000  0.000000  0.000000  0.000000  0.000000  0.000000  1 
162.000000  1 59 1 1567.000000  2738.000000  0.000000  0.000000  0.000000  3.000000  0.000000  1.000000  4.000000  1.000000  0.000000  0.000000  1.000000  0.000000  0.000000  0.000000  0.000000  0.000000  1.000000  1.000000  0.000000  0.000000  0.000000  0.000000  1.000000  0.000000  0.000000  4.000000  4.000000  1.000000  0.000000  0.250000  0.000000  0.000000  0.000000  0.000000  0.000000  1 
321.000000  1 59 10 1506.000000  1887.000000  0.000000  0.000000  0.000000  0.000000  0.000000  1.000000  0.000000  0.000000  0.000000  0.000000  1.000000  0.000000  0.000000  0.000000  0.000000  0.000000  151.000000  1.000000  0.990000  0.000000  0.010000  1.000000  0.010000  0.060000  0.000000  6.000000  6.000000  1.000000  0.000000  0.170000  0.000000  0.000000  0.000000  0.170000  0.170000  1 
45.000000  1 59 1 2336.000000  4201.000000  0.000000  0.000000  0.000000  3.000000  0.000000  1.000000  1.000000  1.000000  0.000000  0.000000  0.000000  0.000000  0.000000  0.000000  0.000000  0.000000  2.000000  1.000000  0.000000  0.000000  0.500000  0.000000  0.500000  1.000000  0.000000  7.000000  7.000000  1.000000  0.000000  0.140000  0.000000  0.000000  0.000000  0.140000  0.140000  1 
176.000000  1 59 1 1559.000000  2732.000000  0.000000  0.000000  0.000000  3.000000  0.000000  1.000000  4.000000  1.000000  0.000000  0.000000  1.000000  0.000000  0.000000  0.000000  0.000000  0.000000  1.000000  1.000000  0.000000  0.000000  0.000000  0.000000  1.000000  0.000000  0.000000  8.000000  8.000000  1.000000  0.000000  0.120000  0.000000  0.000000  0.000000  0.120000  0.120000  1 
61.000000  1 59 1 2336.000000  4194.000000  0.000000  0.000000  0.000000  3.000000  0.000000  1.000000  1.000000  1.000000  0.000000  0.000000  0.000000  0.000000  0.000000  0.000000  0.000000  0.000000  1.000000  1.000000  0.000000  0.000000  0.000000  0.000000  1.000000  0.000000  0.000000  9.000000  9.000000  1.000000  0.000000  0.110000  0.000000  0.000000  0.000000  0.110000  0.110000  1 
47.000000  1 59 1 2402.000000  3816.000000  0.000000  0.000000  0.000000  3.000000  0.000000  1.000000  2.000000  1.000000  0.000000  0.000000  0.000000  0.000000  0.000000  0.000000  0.000000  0.000000  1.000000  1.000000  0.000000  0.000000  0.000000  0.000000  1.000000  0.000000  0.000000  10.000000  10.000000  1.000000  0.000000  0.100000  0.000000  0.000000  0.000000  0.100000  0.100000  1 
0.000000  1 4 1 0.000000  5690.000000  0.000000  0.000000  0.000000  0.000000  0.000000  1.000000  0.000000  0.000000  0.000000  0.000000  0.000000  0.000000  0.000000  0.000000  0.000000  0.000000  1.000000  1.000000  0.000000  0.000000  0.000000  0.000000  1.000000  0.000000  0.000000  1.000000  1.000000  1.000000  0.000000  1.000000  0.000000  0.000000  0.000000  0.000000  0.000000  1 
0.000000  1 4 1 0.000000  5828.000000  0.000000  0.000000  0.000000  0.000000  0.000000  1.000000  0.000000  0.000000  0.000000  0.000000  0.000000  0.000000  0.000000  0.000000  0.000000  0.000000  2.000000  2.000000  0.000000  0.000000  0.000000  0.000000  1.000000  0.000000  0.000000  2.000000  2.000000  1.000000  0.000000  1.000000  0.000000  0.000000  0.000000  0.000000  0.000000  1 
0.000000  1 4 1 0.000000  5020.000000  0.000000  0.000000  0.000000  0.000000  0.000000  1.000000  0.000000  0.000000  0.000000  0.000000  0.000000  0.000000  0.000000  0.000000  0.000000  0.000000  3.000000  3.000000  0.000000  0.000000  0.000000  0.000000  1.000000  0.000000  0.000000  3.000000  3.000000  1.000000  0.000000  1.000000  0.000000  0.000000  0.000000  0.000000  0.000000  1 
0.000000  1 4 1 0.000000  2072.000000  0.000000  0.000000  0.000000  1.000000  0.000000  1.000000  0.000000  1.000000  0.000000  0.000000  0.000000  0.000000  0.000000  0.000000  0.000000  0.000000  3.000000  3.000000  0.000000  0.000000  0.000000  0.000000  1.000000  0.000000  0.000000  4.000000  4.000000  1.000000  0.000000  1.000000  0.000000  0.000000  0.000000  0.000000  0.000000  1 
60.000000  1 59 7 125.000000  179.000000  0.000000  0.000000  0.000000  1.000000  1.000000  0.000000  0.000000  0.000000  0.000000  0.000000  0.000000  0.000000  0.000000  0.000000  0.000000  0.000000  1.000000  1.000000  1.000000  1.000000  0.000000  0.000000  1.000000  0.000000  0.000000  1.000000  1.000000  1.000000  0.000000  1.000000  0.000000  1.000000  1.000000  0.000000  0.000000  1 
0.000000  1 59 10 125.000000  179.000000  0.000000  0.000000  0.000000  1.000000  1.000000  0.000000  0.000000  0.000000  0.000000  0.000000  0.000000  0.000000  0.000000  0.000000  0.000000  0.000000  2.000000  2.000000  0.500000  0.500000  0.500000  0.500000  1.000000  0.000000  0.000000  2.000000  2.000000  1.000000  0.000000  0.500000  0.000000  0.500000  0.500000  0.500000  0.500000  1 
0.000000  1 59 10 125.000000  179.000000  0.000000  0.000000  0.000000  1.000000  1.000000  0.000000  0.000000  0.000000  0.000000  0.000000  0.000000  0.000000  0.000000  0.000000  0.000000  0.000000  2.000000  2.000000  0.000000  0.000000  1.000000  1.000000  1.000000  0.000000  0.000000  3.000000  3.000000  1.000000  0.000000  0.330000  0.000000  0.330000  0.330000  0.670000  0.670000  1 
0.000000  1 59 10 125.000000  179.000000  0.000000  0.000000  0.000000  1.000000  1.000000  0.000000  0.000000  0.000000  0.000000  0.000000  0.000000  0.000000  0.000000  0.000000  0.000000  0.000000  1.000000  1.000000  0.000000  0.000000  1.000000  1.000000  1.000000  0.000000  0.000000  4.000000  4.000000  1.000000  0.000000  0.250000  0.000000  0.250000  0.250000  0.750000  0.750000  1 
0.000000  1 59 10 125.000000  179.000000  0.000000  0.000000  0.000000  1.000000  1.000000  0.000000  0.000000  0.000000  0.000000  0.000000  0.000000  0.000000  0.000000  0.000000  0.000000  0.000000  2.000000  2.000000  0.000000  0.000000  1.000000  1.000000  1.000000  0.000000  0.000000  5.000000  5.000000  1.000000  0.000000  0.200000  0.000000  0.200000  0.200000  0.800000  0.800000  1 
0.000000  1 59 10 125.000000  179.000000  0.000000  0.000000  0.000000  1.000000  1.000000  0.000000  0.000000  0.000000  0.000000  0.000000  0.000000  0.000000  0.000000  0.000000  0.000000  0.000000  2.000000  2.000000  0.000000  0.000000  1.000000  1.000000  1.000000  0.000000  0.000000  6.000000  6.000000  1.000000  0.000000  0.170000  0.000000  0.170000  0.170000  0.830000  0.830000  1 
0.000000  1 59 10 125.000000  179.000000  0.000000  0.000000  0.000000  1.000000  1.000000  0.000000  0.000000  0.000000  0.000000  0.000000  0.000000  0.000000  0.000000  0.000000  0.000000  0.000000  2.000000  2.000000  0.000000  0.000000  1.000000  1.000000  1.000000  0.000000  0.000000  7.000000  7.000000  1.000000  0.000000  0.140000  0.000000  0.140000  0.140000  0.860000  0.860000  1 
0.000000  1 59 10 125.000000  179.000000  0.000000  0.000000  0.000000  1.000000  1.000000  0.000000  0.000000  0.000000  0.000000  0.000000  0.000000  0.000000  0.000000  0.000000  0.000000  0.000000  2.000000  2.000000  0.000000  0.000000  1.000000  1.000000  1.000000  0.000000  0.000000  8.000000  8.000000  1.000000  0.000000  0.120000  0.000000  0.120000  0.120000  0.880000  0.880000  1 
0.000000  1 59 10 125.000000  179.000000  0.000000  0.000000  0.000000  1.000000  1.000000  0.000000  0.000000  0.000000  0.000000  0.000000  0.000000  0.000000  0.000000  0.000000  0.000000  0.000000  2.000000  2.000000  0.000000  0.000000  1.000000  1.000000  1.000000  0.000000  0.000000  9.000000  9.000000  1.000000  0.000000  0.110000  0.000000  0.110000  0.110000  0.890000  0.890000  1 
0.000000  1 59 10 125.000000  179.000000  0.000000  0.000000  0.000000  1.000000  1.000000  0.000000  0.000000  0.000000  0.000000  0.000000  0.000000  0.000000  0.000000  0.000000  0.000000  0.000000  2.000000  2.000000  0.000000  0.000000  1.000000  1.000000  1.000000  0.000000  0.000000  10.000000  10.000000  1.000000  0.000000  0.100000  0.000000  0.100000  0.100000  0.900000  0.900000  1 
0.000000  1 59 10 126.000000  179.000000  0.000000  0.000000  0.000000  1.000000  1.000000  0.000000  0.000000  0.000000  0.000000  0.000000  0.000000  0.000000  0.000000  0.000000  0.000000  0.000000  2.000000  2.000000  0.000000  0.000000  1.000000  1.000000  1.000000  0.000000  0.000000  11.000000  11.000000  1.000000  0.000000  0.090000  0.000000  0.090000  0.090000  0.910000  0.910000  1 
0.000000  1 59 10 126.000000  179.000000  0.000000  0.000000  0.000000  1.000000  1.000000  0.000000  0.000000  0.000000  0.000000  0.000000  0.000000  0.000000  0.000000  0.000000  0.000000  0.000000  2.000000  2.000000  0.000000  0.000000  1.000000  1.000000  1.000000  0.000000  0.000000  12.000000  12.000000  1.000000  0.000000  0.080000  0.000000  0.080000  0.080000  0.920000  0.920000  1 
0.000000  1 59 10 126.000000  179.000000  0.000000  0.000000  0.000000  1.000000  1.000000  0.000000  0.000000  0.000000  0.000000  0.000000  0.000000  0.000000  0.000000  0.000000  0.000000  0.000000  2.000000  2.000000  0.000000  0.000000  1.000000  1.000000  1.000000  0.000000  0.000000  13.000000  13.000000  1.000000  0.000000  0.080000  0.000000  0.080000  0.080000  0.920000  0.920000  1 
0.000000  1 59 10 126.000000  179.000000  0.000000  0.000000  0.000000  1.000000  1.000000  0.000000  0.000000  0.000000  0.000000  0.000000  0.000000  0.000000  0.000000  0.000000  0.000000  0.000000  2.000000  2.000000  0.000000  0.000000  1.000000  1.000000  1.000000  0.000000  0.000000  14.000000  14.000000  1.000000  0.000000  0.070000  0.000000  0.070000  0.070000  0.930000  0.930000  1 
0.000000  1 59 10 126.000000  179.000000  0.000000  0.000000  0.000000  1.000000  1.000000  0.000000  0.000000  0.000000  0.000000  0.000000  0.000000  0.000000  0.000000  0.000000  0.000000  0.000000  1.000000  1.000000  0.000000  0.000000  1.000000  1.000000  1.000000  0.000000  0.000000  15.000000  15.000000  1.000000  0.000000  0.070000  0.000000  0.070000  0.070000  0.930000  0.930000  1 
0.000000  1 59 10 126.000000  179.000000  0.000000  0.000000  0.000000  1.000000  1.000000  0.000000  0.000000  0.000000  0.000000  0.000000  0.000000  0.000000  0.000000  0.000000  0.000000  0.000000  2.000000  2.000000  0.000000  0.000000  1.000000  1.000000  1.000000  0.000000  0.000000  16.000000  16.000000  1.000000  0.000000  0.060000  0.000000  0.060000  0.060000  0.940000  0.940000  1 
0.000000  1 59 10 126.000000  179.000000  0.000000  0.000000  0.000000  1.000000  1.000000  0.000000  0.000000  0.000000  0.000000  0.000000  0.000000  0.000000  0.000000  0.000000  0.000000  0.000000  2.000000  2.000000  0.000000  0.000000  1.000000  1.000000  1.000000  0.000000  0.000000  17.000000  17.000000  1.000000  0.000000  0.060000  0.000000  0.060000  0.060000  0.940000  0.940000  1 
0.000000  1 59 10 126.000000  179.000000  0.000000  0.000000  0.000000  1.000000  1.000000  0.000000  0.000000  0.000000  0.000000  0.000000  0.000000  0.000000  0.000000  0.000000  0.000000  0.000000  2.000000  2.000000  0.000000  0.000000  1.000000  1.000000  1.000000  0.000000  0.000000  18.000000  18.000000  1.000000  0.000000  0.060000  0.000000  0.060000  0.060000  0.940000  0.940000  1 
0.000000  1 59 10 126.000000  179.000000  0.000000  0.000000  0.000000  1.000000  1.000000  0.000000  0.000000  0.000000  0.000000  0.000000  0.000000  0.000000  0.000000  0.000000  0.000000  0.000000  2.000000  2.000000  0.000000  0.000000  1.000000  1.000000  1.000000  0.000000  0.000000  19.000000  19.000000  1.000000  0.000000  0.050000  0.000000  0.050000  0.050000  0.950000  0.950000  1 
0.000000  1 59 10 126.000000  179.000000  0.000000  0.000000  0.000000  1.000000  1.000000  0.000000  0.000000  0.000000  0.000000  0.000000  0.000000  0.000000  0.000000  0.000000  0.000000  0.000000  2.000000  2.000000  0.000000  0.000000  1.000000  1.000000  1.000000  0.000000  0.000000  20.000000  20.000000  1.000000  0.000000  0.050000  0.000000  0.050000  0.050000  0.950000  0.950000  1 
0.000000  1 59 10 126.000000  179.000000  0.000000  0.000000  0.000000  1.000000  1.000000  0.000000  0.000000  0.000000  0.000000  0.000000  0.000000  0.000000  0.000000  0.000000  0.000000  0.000000  2.000000  2.000000  0.000000  0.000000  1.000000  1.000000  1.000000  0.000000  0.000000  21.000000  21.000000  1.000000  0.000000  0.050000  0.000000  0.050000  0.050000  0.950000  0.950000  1 
0.000000  1 59 10 126.000000  179.000000  0.000000  0.000000  0.000000  1.000000  1.000000  0.000000  0.000000  0.000000  0.000000  0.000000  0.000000  0.000000  0.000000  0.000000  0.000000  0.000000  2.000000  2.000000  0.000000  0.000000  1.000000  1.000000  1.000000  0.000000  0.000000  22.000000  22.000000  1.000000  0.000000  0.050000  0.000000  0.050000  0.050000  0.950000  0.950000  1  
0.000000  1 59 10 126.000000  179.000000  0.000000  0.000000  0.000000  1.000000  1.000000  0.000000  0.000000  0.000000  0.000000  0.000000  0.000000  0.000000  0.000000  0.000000  0.000000  0.000000  1.000000  1.000000  0.000000  0.000000  1.000000  1.000000  1.000000  0.000000  0.000000  24.000000  24.000000  1.000000  0.000000  0.040000  0.000000  0.080000  0.080000  0.920000  0.920000  1 
0.000000  1 59 10 126.000000  179.000000  0.000000  0.000000  0.000000  1.000000  1.000000  0.000000  0.000000  0.000000  0.000000  0.000000  0.000000  0.000000  0.000000  0.000000  0.000000  0.000000  1.000000  1.000000  0.000000  0.000000  1.000000  1.000000  1.000000  0.000000  0.000000  25.000000  25.000000  1.000000  0.000000  0.040000  0.000000  0.080000  0.080000  0.920000  0.920000  1 
0.000000  1 59 10 126.000000  179.000000  0.000000  0.000000  0.000000  1.000000  1.000000  0.000000  0.000000  0.000000  0.000000  0.000000  0.000000  0.000000  0.000000  0.000000  0.000000  0.000000  1.000000  1.000000  0.000000  0.000000  1.000000  1.000000  1.000000  0.000000  0.000000  26.000000  26.000000  1.000000  0.000000  0.040000  0.000000  0.080000  0.080000  0.920000  0.920000  1 
0.000000  1 59 10 126.000000  179.000000  0.000000  0.000000  0.000000  1.000000  1.000000  0.000000  0.000000  0.000000  0.000000  0.000000  0.000000  0.000000  0.000000  0.000000  0.000000  0.000000  1.000000  1.000000  0.000000  0.000000  1.000000  1.000000  1.000000  0.000000  0.000000  27.000000  27.000000  1.000000  0.000000  0.040000  0.000000  0.070000  0.070000  0.930000  0.930000  1 
0.000000  1 59 10 126.000000  179.000000  0.000000  0.000000  0.000000  1.000000  1.000000  0.000000  0.000000  0.000000  0.000000  0.000000  0.000000  0.000000  0.000000  0.000000  0.000000  0.000000  1.000000  1.000000  0.000000  0.000000  1.000000  1.000000  1.000000  0.000000  0.000000  28.000000  28.000000  1.000000  0.000000  0.040000  0.000000  0.070000  0.070000  0.930000  0.930000  1 
0.000000  1 59 10 126.000000  179.000000  0.000000  0.000000  0.000000  1.000000  1.000000  0.000000  0.000000  0.000000  0.000000  0.000000  0.000000  0.000000  0.000000  0.000000  0.000000  0.000000  2.000000  2.000000  0.000000  0.000000  1.000000  1.000000  1.000000  0.000000  0.000000  29.000000  29.000000  1.000000  0.000000  0.030000  0.000000  0.070000  0.070000  0.930000  0.930000  1 
0.000000  1 59 10 126.000000  179.000000  0.000000  0.000000  0.000000  1.000000  1.000000  0.000000  0.000000  0.000000  0.000000  0.000000  0.000000  0.000000  0.000000  0.000000  0.000000  0.000000  1.000000  1.000000  0.000000  0.000000  1.000000  1.000000  1.000000  0.000000  0.000000  30.000000  30.000000  1.000000  0.000000  0.030000  0.000000  0.070000  0.070000  0.930000  0.930000  1 
0.000000  1 59 10 126.000000  179.000000  0.000000  0.000000  0.000000  1.000000  1.000000  0.000000  0.000000  0.000000  0.000000  0.000000  0.000000  0.000000  0.000000  0.000000  0.000000  0.000000  1.000000  1.000000  0.000000  0.000000  1.000000  1.000000  1.000000  0.000000  0.000000  31.000000  31.000000  1.000000  0.000000  0.030000  0.000000  0.060000  0.060000  0.940000  0.940000  1 
0.000000  1 59 10 126.000000  179.000000  0.000000  0.000000  0.000000  1.000000  1.000000  0.000000  0.000000  0.000000  0.000000  0.000000  0.000000  0.000000  0.000000  0.000000  0.000000  0.000000  1.000000  1.000000  0.000000  0.000000  1.000000  1.000000  1.000000  0.000000  0.000000  32.000000  32.000000  1.000000  0.000000  0.030000  0.000000  0.060000  0.060000  0.940000  0.940000  1 
0.000000  1 59 10 126.000000  179.000000  0.000000  0.000000  0.000000  1.000000  1.000000  0.000000  0.000000  0.000000  0.000000  0.000000  0.000000  0.000000  0.000000  0.000000  0.000000  0.000000  1.000000  1.000000  0.000000  0.000000  1.000000  1.000000  1.000000  0.000000  0.000000  33.000000  33.000000  1.000000  0.000000  0.030000  0.000000  0.060000  0.060000  0.940000  0.940000  1 
0.000000  1 59 10 126.000000  179.000000  0.000000  0.000000  0.000000  1.000000  1.000000  0.000000  0.000000  0.000000  0.000000  0.000000  0.000000  0.000000  0.000000  0.000000  0.000000  0.000000  1.000000  1.000000  0.000000  0.000000  1.000000  1.000000  1.000000  0.000000  0.000000  34.000000  34.000000  1.000000  0.000000  0.030000  0.000000  0.060000  0.060000  0.940000  0.940000  1 
0.000000  1 59 10 126.000000  179.000000  0.000000  0.000000  0.000000  1.000000  1.000000  0.000000  0.000000  0.000000  0.000000  0.000000  0.000000  0.000000  0.000000  0.000000  0.000000  0.000000  2.000000  2.000000  0.000000  0.000000  1.000000  1.000000  1.000000  0.000000  0.000000  35.000000  35.000000  1.000000  0.000000  0.030000  0.000000  0.060000  0.060000  0.940000  0.940000  1 
0.000000  1 59 2 126.000000  179.000000  0.000000  0.000000  0.000000  2.000000  1.000000  0.000000  0.000000  0.000000  0.000000  0.000000  0.000000  0.000000  0.000000  0.000000  0.000000  0.000000  1.000000  1.000000  0.000000  0.000000  1.000000  1.000000  1.000000  0.000000  0.000000  36.000000  36.000000  1.000000  0.000000  0.030000  0.000000  0.060000  0.060000  0.940000  0.940000  1 
0.000000  1 59 2 126.000000  179.000000  0.000000  0.000000  0.000000  2.000000  1.000000  0.000000  0.000000  0.000000  0.000000  0.000000  0.000000  0.000000  0.000000  0.000000  0.000000  0.000000  2.000000  2.000000  0.000000  0.000000  1.000000  1.000000  1.000000  0.000000  0.000000  37.000000  37.000000  1.000000  0.000000  0.050000  0.000000  0.050000  0.050000  0.950000  0.950000  1 
0.000000  1 59 10 126.000000  179.000000  0.000000  0.000000  0.000000  1.000000  1.000000  0.000000  0.000000  0.000000  0.000000  0.000000  0.000000  0.000000  0.000000  0.000000  0.000000  0.000000  3.000000  3.000000  0.000000  0.000000  1.000000  1.000000  1.000000  0.000000  0.000000  38.000000  38.000000  1.000000  0.000000  0.030000  0.000000  0.050000  0.050000  0.950000  0.950000  1 
0.000000  1 59 10 126.000000  179.000000  0.000000  0.000000  0.000000  1.000000  1.000000  0.000000  0.000000  0.000000  0.000000  0.000000  0.000000  0.000000  0.000000  0.000000  0.000000  0.000000  1.000000  1.000000  0.000000  0.000000  1.000000  1.000000  1.000000  0.000000  0.000000  39.000000  39.000000  1.000000  0.000000  0.030000  0.000000  0.050000  0.050000  0.950000  0.950000  1 
0.000000  1 59 2 126.000000  179.000000  0.000000  0.000000  0.000000  2.000000  1.000000  0.000000  0.000000  0.000000  0.000000  0.000000  0.000000  0.000000  0.000000  0.000000  0.000000  0.000000  1.000000  1.000000  0.000000  0.000000  1.000000  1.000000  1.000000  0.000000  0.000000  40.000000  40.000000  1.000000  0.000000  0.030000  0.000000  0.050000  0.050000  0.950000  0.950000  1 
0.000000  1 59 2 126.000000  179.000000  0.000000  0.000000  0.000000  2.000000  1.000000  0.000000  0.000000  0.000000  0.000000  0.000000  0.000000  0.000000  0.000000  0.000000  0.000000  0.000000  2.000000  2.000000  0.000000  0.000000  1.000000  1.000000  1.000000  0.000000  0.000000  41.000000  41.000000  1.000000  0.000000  0.050000  0.000000  0.050000  0.050000  0.950000  0.950000  1 
0.000000  1 59 10 126.000000  179.000000  0.000000  0.000000  0.000000  1.000000  1.000000  0.000000  0.000000  0.000000  0.000000  0.000000  0.000000  0.000000  0.000000  0.000000  0.000000  0.000000  1.000000  1.000000  0.000000  0.000000  1.000000  1.000000  1.000000  0.000000  0.000000  42.000000  42.000000  1.000000  0.000000  0.020000  0.000000  0.050000  0.050000  0.950000  0.950000  1 
0.000000  1 59 10 126.000000  179.000000  0.000000  0.000000  0.000000  1.000000  1.000000  0.000000  0.000000  0.000000  0.000000  0.000000  0.000000  0.000000  0.000000  0.000000  0.000000  0.000000  2.000000  2.000000  0.000000  0.000000  1.000000  1.000000  1.000000  0.000000  0.000000  43.000000  43.000000  1.000000  0.000000  0.020000  0.000000  0.050000  0.050000  0.950000  0.950000  1 
0.000000  1 59 10 126.000000  179.000000  0.000000  0.000000  0.000000  1.000000  1.000000  0.000000  0.000000  0.000000  0.000000  0.000000  0.000000  0.000000  0.000000  0.000000  0.000000  0.000000  1.000000  1.000000  0.000000  0.000000  1.000000  1.000000  1.000000  0.000000  0.000000  44.000000  44.000000  1.000000  0.000000  0.020000  0.000000  0.050000  0.050000  0.950000  0.950000  1 
0.000000  1 59 10 126.000000  179.000000  0.000000  0.000000  0.000000  1.000000  1.000000  0.000000  0.000000  0.000000  0.000000  0.000000  0.000000  0.000000  0.000000  0.000000  0.000000  0.000000  1.000000  1.000000  0.000000  0.000000  1.000000  1.000000  1.000000  0.000000  0.000000  45.000000  45.000000  1.000000  0.000000  0.020000  0.000000  0.040000  0.040000  0.960000  0.960000  1 
0.000000  1 59 10 126.000000  179.000000  0.000000  0.000000  0.000000  1.000000  1.000000  0.000000  0.000000  0.000000  0.000000  0.000000  0.000000  0.000000  0.000000  0.000000  0.000000  0.000000  1.000000  1.000000  0.000000  0.000000  1.000000  1.000000  1.000000  0.000000  0.000000  46.000000  46.000000  1.000000  0.000000  0.020000  0.000000  0.040000  0.040000  0.960000  0.960000  1 
0.000000  1 59 10 126.000000  179.000000  0.000000  0.000000  0.000000  1.000000  1.000000  0.000000  0.000000  0.000000  0.000000  0.000000  0.000000  0.000000  0.000000  0.000000  0.000000  0.000000  2.000000  2.000000  0.000000  0.000000  1.000000  1.000000  1.000000  0.000000  0.000000  47.000000  47.000000  1.000000  0.000000  0.020000  0.000000  0.040000  0.040000  0.960000  0.960000  1 
0.000000  1 59 10 126.000000  179.000000  0.000000  0.000000  0.000000  1.000000  1.000000  0.000000  0.000000  0.000000  0.000000  0.000000  0.000000  0.000000  0.000000  0.000000  0.000000  0.000000  1.000000  1.000000  0.000000  0.000000  1.000000  1.000000  1.000000  0.000000  0.000000  48.000000  48.000000  1.000000  0.000000  0.020000  0.000000  0.040000  0.040000  0.960000  0.960000  1 
0.000000  1 59 10 126.000000  179.000000  0.000000  0.000000  0.000000  1.000000  1.000000  0.000000  0.000000  0.000000  0.000000  0.000000  0.000000  0.000000  0.000000  0.000000  0.000000  0.000000  1.000000  1.000000  0.000000  0.000000  1.000000  1.000000  1.000000  0.000000  0.000000  49.000000  49.000000  1.000000  0.000000  0.020000  0.000000  0.040000  0.040000  0.960000  0.960000  1 
0.000000  1 59 10 126.000000  179.000000  0.000000  0.000000  0.000000  1.000000  1.000000  0.000000  0.000000  0.000000  0.000000  0.000000  0.000000  0.000000  0.000000  0.000000  0.000000  0.000000  1.000000  1.000000  0.000000  0.000000  1.000000  1.000000  1.000000  0.000000  0.000000  50.000000  50.000000  1.000000  0.000000  0.020000  0.000000  0.040000  0.040000  0.960000  0.960000  1 
0.000000  1 59 10 126.000000  179.000000  0.000000  0.000000  0.000000  1.000000  1.000000  0.000000  0.000000  0.000000  0.000000  0.000000  0.000000  0.000000  0.000000  0.000000  0.000000  0.000000  1.000000  1.000000  0.000000  0.000000  1.000000  1.000000  1.000000  0.000000  0.000000  51.000000  51.000000  1.000000  0.000000  0.020000  0.000000  0.040000  0.040000  0.960000  0.960000  1 
1.000000  1 59 1 123.000000  2053.000000  0.000000  0.000000  0.000000  1.000000  0.000000  1.000000  0.000000  0.000000  0.000000  0.000000  0.000000  0.000000  0.000000  0.000000  0.000000  1.000000  1.000000  1.000000  0.000000  0.000000  0.000000  0.000000  1.000000  0.000000  0.000000  52.000000  52.000000  1.000000  0.000000  0.020000  0.000000  0.040000  0.040000  0.940000  0.940000  1 
15161.000000  1 21 1 370.000000  1208.000000  0.000000  0.000000  0.000000  6.000000  0.000000  1.000000  0.000000  0.000000  0.000000  0.000000  0.000000  0.000000  0.000000  0.000000  0.000000  1.000000  1.000000  1.000000  0.000000  0.000000  0.000000  0.000000  1.000000  0.000000  0.000000  255.000000  1.000000  0.000000  0.020000  0.000000  0.000000  0.220000  0.000000  0.000000  0.000000  1 
15160.000000  1 21 1 362.000000  1202.000000  0.000000  0.000000  0.000000  6.000000  0.000000  1.000000  0.000000  0.000000  0.000000  0.000000  0.000000  0.000000  0.000000  0.000000  0.000000  1.000000  1.000000  1.000000  0.000000  0.000000  0.000000  0.000000  1.000000  0.000000  0.000000  255.000000  2.000000  0.010000  0.020000  0.000000  0.000000  0.210000  0.000000  0.000000  0.000000  1 
15168.000000  1 21 1 365.000000  1202.000000  0.000000  0.000000  0.000000  5.000000  0.000000  1.000000  0.000000  0.000000  0.000000  0.000000  0.000000  0.000000  0.000000  0.000000  0.000000  1.000000  1.000000  1.000000  0.000000  0.000000  0.000000  0.000000  1.000000  0.000000  0.000000  255.000000  3.000000  0.010000  0.020000  0.000000  0.000000  0.210000  0.000000  0.000000  0.000000  1 
15163.000000  1 21 1 367.000000  1202.000000  0.000000  0.000000  0.000000  6.000000  0.000000  1.000000  0.000000  0.000000  0.000000  0.000000  0.000000  0.000000  0.000000  0.000000  0.000000  1.000000  1.000000  1.000000  0.000000  0.000000  0.000000  0.000000  1.000000  0.000000  0.000000  255.000000  4.000000  0.020000  0.020000  0.000000  0.000000  0.200000  0.000000  0.000000  0.000000  1 
15161.000000  1 21 1 368.000000  1202.000000  0.000000  0.000000  0.000000  6.000000  0.000000  1.000000  0.000000  0.000000  0.000000  0.000000  0.000000  0.000000  0.000000  0.000000  0.000000  1.000000  1.000000  1.000000  0.000000  0.000000  0.000000  0.000000  1.000000  0.000000  0.000000  255.000000  5.000000  0.020000  0.020000  0.000000  0.000000  0.200000  0.000000  0.000000  0.000000  1 
10127.000000  1 21 1 998.000000  2191.000000  0.000000  0.000000  0.000000  5.000000  0.000000  1.000000  0.000000  0.000000  0.000000  0.000000  0.000000  0.000000  0.000000  0.000000  0.000000  1.000000  1.000000  1.000000  0.000000  0.000000  0.000000  0.000000  1.000000  0.000000  0.000000  255.000000  6.000000  0.020000  0.020000  0.000000  0.000000  0.200000  0.000000  0.000000  0.000000  1 
10131.000000  1 21 1 1015.000000  2197.000000  0.000000  0.000000  0.000000  19.000000  0.000000  1.000000  0.000000  0.000000  0.000000  0.000000  0.000000  0.000000  0.000000  0.000000  0.000000  1.000000  1.000000  1.000000  0.000000  0.000000  0.000000  0.000000  1.000000  0.000000  0.000000  255.000000  7.000000  0.030000  0.020000  0.000000  0.000000  0.190000  0.000000  0.000000  0.000000  1 
10128.000000  1 21 1 979.000000  2187.000000  0.000000  0.000000  0.000000  4.000000  0.000000  1.000000  0.000000  0.000000  0.000000  0.000000  0.000000  0.000000  0.000000  0.000000  0.000000  1.000000  1.000000  1.000000  0.000000  0.000000  0.000000  0.000000  1.000000  0.000000  0.000000  255.000000  8.000000  0.030000  0.020000  0.000000  0.000000  0.190000  0.000000  0.000000  0.000000  1 
10125.000000  1 21 1 1018.000000  2197.000000  0.000000  0.000000  0.000000  19.000000  0.000000  1.000000  0.000000  0.000000  0.000000  0.000000  0.000000  0.000000  0.000000  0.000000  0.000000  1.000000  1.000000  1.000000  0.000000  0.000000  0.000000  0.000000  1.000000  0.000000  0.000000  255.000000  9.000000  0.040000  0.020000  0.000000  0.000000  0.180000  0.000000  0.000000  0.000000  1 
10132.000000  1 21 1 1023.000000  2197.000000  0.000000  0.000000  0.000000  19.000000  0.000000  1.000000  0.000000  0.000000  0.000000  0.000000  0.000000  0.000000  0.000000  0.000000  0.000000  1.000000  1.000000  1.000000  0.000000  0.000000  0.000000  0.000000  1.000000  0.000000  0.000000  255.000000  10.000000  0.040000  0.020000  0.000000  0.000000  0.180000  0.000000  0.000000  0.000000  1 
10129.000000  1 21 1 1020.000000  2201.000000  0.000000  0.000000  0.000000  5.000000  0.000000  1.000000  0.000000  0.000000  0.000000  0.000000  0.000000  0.000000  0.000000  0.000000  0.000000  1.000000  1.000000  1.000000  0.000000  0.000000  0.000000  0.000000  1.000000  0.000000  0.000000  255.000000  11.000000  0.040000  0.020000  0.000000  0.000000  0.180000  0.000000  0.000000  0.000000  1 
10127.000000  1 21 1 1038.000000  2206.000000  0.000000  0.000000  0.000000  5.000000  0.000000  1.000000  0.000000  0.000000  0.000000  0.000000  0.000000  0.000000  0.000000  0.000000  0.000000  1.000000  1.000000  1.000000  0.000000  0.000000  0.000000  0.000000  1.000000  0.000000  0.000000  255.000000  12.000000  0.050000  0.020000  0.000000  0.000000  0.170000  0.000000  0.000000  0.000000  1 
10134.000000  1 21 1 1024.000000  2201.000000  0.000000  0.000000  0.000000  4.000000  0.000000  1.000000  0.000000  0.000000  0.000000  0.000000  0.000000  0.000000  0.000000  0.000000  0.000000  1.000000  1.000000  1.000000  0.000000  0.000000  0.000000  0.000000  1.000000  0.000000  0.000000  255.000000  13.000000  0.050000  0.020000  0.000000  0.000000  0.170000  0.000000  0.000000  0.000000  1 
10125.000000  1 21 1 1012.000000  2201.000000  0.000000  0.000000  0.000000  19.000000  0.000000  1.000000  0.000000  0.000000  0.000000  0.000000  0.000000  0.000000  0.000000  0.000000  0.000000  1.000000  1.000000  1.000000  0.000000  0.000000  0.000000  0.000000  1.000000  0.000000  0.000000  255.000000  14.000000  0.050000  0.020000  0.000000  0.000000  0.160000  0.000000  0.000000  0.000000  1 
10120.000000  1 21 1 1020.000000  2201.000000  0.000000  0.000000  0.000000  4.000000  0.000000  1.000000  0.000000  0.000000  0.000000  0.000000  0.000000  0.000000  0.000000  0.000000  0.000000  1.000000  1.000000  1.000000  0.000000  0.000000  0.000000  0.000000  1.000000  0.000000  0.000000  255.000000  15.000000  0.060000  0.020000  0.000000  0.000000  0.160000  0.000000  0.000000  0.000000  1 
10121.000000  1 21 1 980.000000  2191.000000  0.000000  0.000000  0.000000  19.000000  0.000000  1.000000  0.000000  0.000000  0.000000  0.000000  0.000000  0.000000  0.000000  0.000000  0.000000  1.000000  1.000000  1.000000  0.000000  0.000000  0.000000  0.000000  1.000000  0.000000  0.000000  255.000000  16.000000  0.060000  0.020000  0.000000  0.000000  0.160000  0.000000  0.000000  0.000000  1 
5079.000000  1 21 1 1077.000000  2284.000000  0.000000  0.000000  0.000000  20.000000  0.000000  1.000000  0.000000  0.000000  0.000000  0.000000  0.000000  0.000000  0.000000  0.000000  0.000000  1.000000  1.000000  1.000000  0.000000  0.000000  0.000000  0.000000  1.000000  0.000000  0.000000  255.000000  17.000000  0.070000  0.020000  0.000000  0.000000  0.150000  0.000000  0.000000  0.000000  1 
5083.000000  1 21 1 1043.000000  2278.000000  0.000000  0.000000  0.000000  20.000000  0.000000  1.000000  0.000000  0.000000  0.000000  0.000000  0.000000  0.000000  0.000000  0.000000  0.000000  1.000000  1.000000  1.000000  0.000000  0.000000  0.000000  0.000000  1.000000  0.000000  0.000000  255.000000  18.000000  0.070000  0.020000  0.000000  0.000000  0.150000  0.000000  0.000000  0.000000  1 
5085.000000  1 21 1 1019.000000  2273.000000  0.000000  0.000000  0.000000  20.000000  0.000000  1.000000  0.000000  0.000000  0.000000  0.000000  0.000000  0.000000  0.000000  0.000000  0.000000  1.000000  1.000000  1.000000  0.000000  0.000000  0.000000  0.000000  1.000000  0.000000  0.000000  255.000000  19.000000  0.070000  0.020000  0.000000  0.000000  0.150000  0.000000  0.000000  0.000000  1 
5081.000000  1 21 1 1042.000000  2279.000000  0.000000  0.000000  0.000000  20.000000  0.000000  1.000000  0.000000  0.000000  0.000000  0.000000  0.000000  0.000000  0.000000  0.000000  0.000000  1.000000  1.000000  1.000000  0.000000  0.000000  0.000000  0.000000  1.000000  0.000000  0.000000  255.000000  20.000000  0.080000  0.020000  0.000000  0.000000  0.140000  0.000000  0.000000  0.000000  1 
5084.000000  1 21 1 1048.000000  2279.000000  0.000000  0.000000  0.000000  20.000000  0.000000  1.000000  0.000000  0.000000  0.000000  0.000000  0.000000  0.000000  0.000000  0.000000  0.000000  1.000000  1.000000  1.000000  0.000000  0.000000  0.000000  0.000000  1.000000  0.000000  0.000000  255.000000  21.000000  0.080000  0.020000  0.000000  0.000000  0.140000  0.000000  0.000000  0.000000  1 
5080.000000  1 21 1 1042.000000  2279.000000  0.000000  0.000000  0.000000  3.000000  0.000000  1.000000  0.000000  0.000000  0.000000  0.000000  0.000000  0.000000  0.000000  0.000000  0.000000  1.000000  1.000000  1.000000  0.000000  0.000000  0.000000  0.000000  1.000000  0.000000  0.000000  255.000000  22.000000  0.090000  0.020000  0.000000  0.000000  0.130000  0.000000  0.000000  0.000000  1 
5076.000000  1 21 1 1044.000000  2279.000000  0.000000  0.000000  0.000000  20.000000  0.000000  1.000000  0.000000  0.000000  0.000000  0.000000  0.000000  0.000000  0.000000  0.000000  0.000000  1.000000  1.000000  1.000000  0.000000  0.000000  0.000000  0.000000  1.000000  0.000000  0.000000  255.000000  23.000000  0.090000  0.020000  0.000000  0.000000  0.130000  0.000000  0.000000  0.000000  1 
5072.000000  1 21 1 1060.000000  2284.000000  0.000000  0.000000  0.000000  20.000000  0.000000  1.000000  0.000000  0.000000  0.000000  0.000000  0.000000  0.000000  0.000000  0.000000  0.000000  1.000000  1.000000  1.000000  0.000000  0.000000  0.000000  0.000000  1.000000  0.000000  0.000000  255.000000  24.000000  0.090000  0.020000  0.000000  0.000000  0.130000  0.000000  0.000000  0.000000  1 
5057.000000  1 21 1 1064.000000  2284.000000  0.000000  0.000000  0.000000  20.000000  0.000000  1.000000  0.000000  0.000000  0.000000  0.000000  0.000000  0.000000  0.000000  0.000000  0.000000  1.000000  1.000000  1.000000  0.000000  0.000000  0.000000  0.000000  1.000000  0.000000  0.000000  255.000000  25.000000  0.100000  0.020000  0.000000  0.000000  0.120000  0.000000  0.000000  0.000000  1 
5055.000000  1 21 1 1049.000000  2274.000000  0.000000  0.000000  0.000000  20.000000  0.000000  1.000000  0.000000  0.000000  0.000000  0.000000  0.000000  0.000000  0.000000  0.000000  0.000000  1.000000  1.000000  1.000000  0.000000  0.000000  0.000000  0.000000  1.000000  0.000000  0.000000  255.000000  26.000000  0.100000  0.020000  0.000000  0.000000  0.120000  0.000000  0.000000  0.000000  1 
0.000000  1 21 1 1181.000000  2447.000000  0.000000  0.000000  0.000000  10.000000  0.000000  1.000000  0.000000  0.000000  0.000000  0.000000  0.000000  0.000000  0.000000  0.000000  0.000000  1.000000  1.000000  1.000000  0.000000  0.000000  0.000000  0.000000  1.000000  0.000000  0.000000  255.000000  27.000000  0.110000  0.020000  0.000000  0.000000  0.110000  0.000000  0.000000  0.000000  1 
1.000000  1 21 1 1150.000000  2443.000000  0.000000  0.000000  0.000000  28.000000  0.000000  1.000000  0.000000  0.000000  0.000000  0.000000  0.000000  0.000000  0.000000  0.000000  0.000000  1.000000  1.000000  1.000000  0.000000  0.000000  0.000000  0.000000  1.000000  0.000000  0.000000  255.000000  28.000000  0.110000  0.020000  0.000000  0.000000  0.110000  0.000000  0.000000  0.000000  1 
3.000000  1 21 1 1233.000000  2449.000000  0.000000  0.000000  0.000000  28.000000  0.000000  1.000000  0.000000  0.000000  0.000000  0.000000  0.000000  0.000000  0.000000  0.000000  0.000000  1.000000  1.000000  1.000000  0.000000  0.000000  0.000000  0.000000  1.000000  0.000000  0.000000  255.000000  29.000000  0.110000  0.020000  0.000000  0.000000  0.110000  0.000000  0.000000  0.000000  1 
0.000000  1 21 1 1208.000000  2449.000000  0.000000  0.000000  0.000000  28.000000  0.000000  1.000000  0.000000  0.000000  0.000000  0.000000  0.000000  0.000000  0.000000  0.000000  0.000000  1.000000  1.000000  1.000000  0.000000  0.000000  0.000000  0.000000  1.000000  0.000000  0.000000  255.000000  30.000000  0.120000  0.020000  0.000000  0.000000  0.100000  0.000000  0.000000  0.000000  1 
0.000000  1 21 1 1266.000000  2453.000000  0.000000  0.000000  0.000000  28.000000  0.000000  1.000000  0.000000  0.000000  0.000000  0.000000  0.000000  0.000000  0.000000  0.000000  0.000000  1.000000  1.000000  1.000000  0.000000  0.000000  0.000000  0.000000  1.000000  0.000000  0.000000  255.000000  31.000000  0.120000  0.020000  0.000000  0.000000  0.100000  0.000000  0.000000  0.000000  1 
0.000000  1 21 1 1242.000000  2451.000000  0.000000  0.000000  0.000000  28.000000  0.000000  1.000000  0.000000  0.000000  0.000000  0.000000  0.000000  0.000000  0.000000  0.000000  0.000000  1.000000  1.000000  1.000000  0.000000  0.000000  0.000000  0.000000  1.000000  0.000000  0.000000  255.000000  32.000000  0.130000  0.020000  0.000000  0.000000  0.090000  0.000000  0.000000  0.000000  1 
3.000000  1 21 1 1240.000000  2451.000000  0.000000  0.000000  0.000000  28.000000  0.000000  1.000000  0.000000  0.000000  0.000000  0.000000  0.000000  0.000000  0.000000  0.000000  0.000000  1.000000  1.000000  1.000000  0.000000  0.000000  0.000000  0.000000  1.000000  0.000000  0.000000  255.000000  33.000000  0.130000  0.020000  0.000000  0.000000  0.090000  0.000000  0.000000  0.000000  1 
0.000000  1 21 1 1237.000000  2451.000000  0.000000  0.000000  0.000000  28.000000  0.000000  1.000000  0.000000  0.000000  0.000000  0.000000  0.000000  0.000000  0.000000  0.000000  0.000000  1.000000  1.000000  1.000000  0.000000  0.000000  0.000000  0.000000  1.000000  0.000000  0.000000  255.000000  34.000000  0.130000  0.020000  0.000000  0.000000  0.090000  0.000000  0.000000  0.000000  1 
1.000000  1 21 1 1243.000000  2451.000000  0.000000  0.000000  0.000000  28.000000  0.000000  1.000000  0.000000  0.000000  0.000000  0.000000  0.000000  0.000000  0.000000  0.000000  0.000000  1.000000  1.000000  1.000000  0.000000  0.000000  0.000000  0.000000  1.000000  0.000000  0.000000  255.000000  35.000000  0.140000  0.020000  0.000000  0.000000  0.080000  0.000000  0.000000  0.000000  1 
1.000000  1 21 1 1251.000000  2451.000000  0.000000  0.000000  0.000000  28.000000  0.000000  1.000000  0.000000  0.000000  0.000000  0.000000  0.000000  0.000000  0.000000  0.000000  0.000000  1.000000  1.000000  1.000000  0.000000  0.000000  0.000000  0.000000  1.000000  0.000000  0.000000  255.000000  36.000000  0.140000  0.020000  0.000000  0.000000  0.080000  0.000000  0.000000  0.000000  1 
1.000000  1 21 1 1222.000000  2449.000000  0.000000  0.000000  0.000000  28.000000  0.000000  1.000000  0.000000  0.000000  0.000000  0.000000  0.000000  0.000000  0.000000  0.000000  0.000000  1.000000  1.000000  1.000000  0.000000  0.000000  0.000000  0.000000  1.000000  0.000000  0.000000  255.000000  37.000000  0.150000  0.020000  0.000000  0.000000  0.070000  0.000000  0.000000  0.000000  1 
1.000000  1 21 1 1297.000000  2453.000000  0.000000  0.000000  0.000000  28.000000  0.000000  1.000000  0.000000  0.000000  0.000000  0.000000  0.000000  0.000000  0.000000  0.000000  0.000000  1.000000  1.000000  1.000000  0.000000  0.000000  0.000000  0.000000  1.000000  0.000000  0.000000  255.000000  38.000000  0.150000  0.020000  0.000000  0.000000  0.070000  0.000000  0.000000  0.000000  1 
1.000000  1 21 1 1184.000000  2445.000000  0.000000  0.000000  0.000000  28.000000  0.000000  1.000000  0.000000  0.000000  0.000000  0.000000  0.000000  0.000000  0.000000  0.000000  0.000000  1.000000  1.000000  1.000000  0.000000  0.000000  0.000000  0.000000  1.000000  0.000000  0.000000  255.000000  39.000000  0.150000  0.020000  0.000000  0.000000  0.070000  0.000000  0.000000  0.000000  1 
1.000000  1 21 1 1235.000000  2449.000000  0.000000  0.000000  0.000000  28.000000  0.000000  1.000000  0.000000  0.000000  0.000000  0.000000  0.000000  0.000000  0.000000  0.000000  0.000000  1.000000  1.000000  1.000000  0.000000  0.000000  0.000000  0.000000  1.000000  0.000000  0.000000  255.000000  40.000000  0.160000  0.020000  0.000000  0.000000  0.060000  0.000000  0.000000  0.000000  1 
0.000000  1 21 1 1239.000000  2449.000000  0.000000  0.000000  0.000000  28.000000  0.000000  1.000000  0.000000  0.000000  0.000000  0.000000  0.000000  0.000000  0.000000  0.000000  0.000000  1.000000  1.000000  1.000000  0.000000  0.000000  0.000000  0.000000  1.000000  0.000000  0.000000  255.000000  41.000000  0.160000  0.020000  0.000000  0.000000  0.060000  0.000000  0.000000  0.000000  1 
0.000000  1 21 1 1224.000000  2449.000000  0.000000  0.000000  0.000000  28.000000  0.000000  1.000000  0.000000  0.000000  0.000000  0.000000  0.000000  0.000000  0.000000  0.000000  0.000000  1.000000  1.000000  1.000000  0.000000  0.000000  0.000000  0.000000  1.000000  0.000000  0.000000  255.000000  42.000000  0.160000  0.020000  0.000000  0.000000  0.050000  0.000000  0.000000  0.000000  1 
2.000000  1 21 1 1230.000000  2449.000000  0.000000  0.000000  0.000000  28.000000  0.000000  1.000000  0.000000  0.000000  0.000000  0.000000  0.000000  0.000000  0.000000  0.000000  0.000000  1.000000  1.000000  1.000000  0.000000  0.000000  0.000000  0.000000  1.000000  0.000000  0.000000  255.000000  43.000000  0.170000  0.020000  0.000000  0.000000  0.050000  0.000000  0.000000  0.000000  1 
0.000000  1 21 1 1210.000000  2447.000000  0.000000  0.000000  0.000000  28.000000  0.000000  1.000000  0.000000  0.000000  0.000000  0.000000  0.000000  0.000000  0.000000  0.000000  0.000000  1.000000  1.000000  1.000000  0.000000  0.000000  0.000000  0.000000  1.000000  0.000000  0.000000  255.000000  44.000000  0.170000  0.020000  0.000000  0.000000  0.050000  0.000000  0.000000  0.000000  1 
1.000000  1 21 1 1199.000000  2449.000000  0.000000  0.000000  0.000000  28.000000  0.000000  1.000000  0.000000  0.000000  0.000000  0.000000  0.000000  0.000000  0.000000  0.000000  0.000000  1.000000  1.000000  1.000000  0.000000  0.000000  0.000000  0.000000  1.000000  0.000000  0.000000  255.000000  45.000000  0.180000  0.020000  0.000000  0.000000  0.040000  0.000000  0.000000  0.000000  1 
1.000000  1 21 1 1254.000000  2453.000000  0.000000  0.000000  0.000000  28.000000  0.000000  1.000000  0.000000  0.000000  0.000000  0.000000  0.000000  0.000000  0.000000  0.000000  0.000000  1.000000  1.000000  1.000000  0.000000  0.000000  0.000000  0.000000  1.000000  0.000000  0.000000  255.000000  46.000000  0.180000  0.020000  0.000000  0.000000  0.040000  0.000000  0.000000  0.000000  1 
1.000000  1 21 1 1180.000000  2447.000000  0.000000  0.000000  0.000000  28.000000  0.000000  1.000000  0.000000  0.000000  0.000000  0.000000  0.000000  0.000000  0.000000  0.000000  0.000000  1.000000  1.000000  1.000000  0.000000  0.000000  0.000000  0.000000  1.000000  0.000000  0.000000  255.000000  47.000000  0.180000  0.020000  0.000000  0.000000  0.040000  0.000000  0.000000  0.000000  1 
0.000000  1 21 1 1143.000000  2445.000000  0.000000  0.000000  0.000000  28.000000  0.000000  1.000000  0.000000  0.000000  0.000000  0.000000  0.000000  0.000000  0.000000  0.000000  0.000000  1.000000  1.000000  1.000000  0.000000  0.000000  0.000000  0.000000  1.000000  0.000000  0.000000  255.000000  48.000000  0.190000  0.020000  0.000000  0.000000  0.030000  0.000000  0.000000  0.000000  1 
1.000000  1 21 1 1235.000000  2451.000000  0.000000  0.000000  0.000000  28.000000  0.000000  1.000000  0.000000  0.000000  0.000000  0.000000  0.000000  0.000000  0.000000  0.000000  0.000000  1.000000  1.000000  1.000000  0.000000  0.000000  0.000000  0.000000  1.000000  0.000000  0.000000  255.000000  49.000000  0.190000  0.020000  0.000000  0.000000  0.030000  0.000000  0.000000  0.000000  1 
0.000000  1 21 1 1222.000000  2451.000000  0.000000  0.000000  0.000000  28.000000  0.000000  1.000000  0.000000  0.000000  0.000000  0.000000  0.000000  0.000000  0.000000  0.000000  0.000000  1.000000  1.000000  1.000000  0.000000  0.000000  0.000000  0.000000  1.000000  0.000000  0.000000  255.000000  50.000000  0.200000  0.020000  0.000000  0.000000  0.020000  0.000000  0.000000  0.000000  1 
0.000000  1 21 1 1268.000000  2453.000000  0.000000  0.000000  0.000000  28.000000  0.000000  1.000000  0.000000  0.000000  0.000000  0.000000  0.000000  0.000000  0.000000  0.000000  0.000000  1.000000  1.000000  1.000000  0.000000  0.000000  0.000000  0.000000  1.000000  0.000000  0.000000  255.000000  51.000000  0.200000  0.020000  0.000000  0.000000  0.020000  0.000000  0.000000  0.000000  1 
0.000000  1 21 1 1194.000000  2449.000000  0.000000  0.000000  0.000000  28.000000  0.000000  1.000000  0.000000  0.000000  0.000000  0.000000  0.000000  0.000000  0.000000  0.000000  0.000000  1.000000  1.000000  1.000000  0.000000  0.000000  0.000000  0.000000  1.000000  0.000000  0.000000  255.000000  52.000000  0.200000  0.020000  0.000000  0.000000  0.020000  0.000000  0.000000  0.000000  1 
1.000000  1 21 1 1241.000000  2451.000000  0.000000  0.000000  0.000000  28.000000  0.000000  1.000000  0.000000  0.000000  0.000000  0.000000  0.000000  0.000000  0.000000  0.000000  0.000000  1.000000  1.000000  1.000000  0.000000  0.000000  0.000000  0.000000  1.000000  0.000000  0.000000  255.000000  53.000000  0.210000  0.020000  0.000000  0.000000  0.010000  0.000000  0.000000  0.000000  1 
0.000000  1 21 1 1229.000000  2451.000000  0.000000  0.000000  0.000000  28.000000  0.000000  1.000000  0.000000  0.000000  0.000000  0.000000  0.000000  0.000000  0.000000  0.000000  0.000000  1.000000  1.000000  1.000000  0.000000  0.000000  0.000000  0.000000  1.000000  0.000000  0.000000  255.000000  54.000000  0.210000  0.020000  0.000000  0.000000  0.010000  0.000000  0.000000  0.000000  1 
0.000000  1 21 1 1259.000000  2453.000000  0.000000  0.000000  0.000000  28.000000  0.000000  1.000000  0.000000  0.000000  0.000000  0.000000  0.000000  0.000000  0.000000  0.000000  0.000000  1.000000  1.000000  1.000000  0.000000  0.000000  0.000000  0.000000  1.000000  0.000000  0.000000  255.000000  55.000000  0.220000  0.020000  0.000000  0.000000  0.000000  0.000000  0.000000  0.000000  1 
0.000000  1 21 1 1225.000000  2451.000000  0.000000  0.000000  0.000000  28.000000  0.000000  1.000000  0.000000  0.000000  0.000000  0.000000  0.000000  0.000000  0.000000  0.000000  0.000000  1.000000  1.000000  1.000000  0.000000  0.000000  0.000000  0.000000  1.000000  0.000000  0.000000  255.000000  56.000000  0.220000  0.020000  0.000000  0.000000  0.000000  0.000000  0.000000  0.000000  1 
1.000000  1 21 1 1176.000000  2447.000000  0.000000  0.000000  0.000000  28.000000  0.000000  1.000000  0.000000  0.000000  0.000000  0.000000  0.000000  0.000000  0.000000  0.000000  0.000000  1.000000  1.000000  1.000000  0.000000  0.000000  0.000000  0.000000  1.000000  0.000000  0.000000  255.000000  57.000000  0.220000  0.020000  0.000000  0.000000  0.000000  0.000000  0.000000  0.000000  1 
2.000000  1 21 1 1265.000000  2451.000000  0.000000  0.000000  0.000000  28.000000  0.000000  1.000000  0.000000  0.000000  0.000000  0.000000  0.000000  0.000000  0.000000  0.000000  0.000000  1.000000  1.000000  1.000000  0.000000  0.000000  0.000000  0.000000  1.000000  0.000000  0.000000  255.000000  58.000000  0.230000  0.020000  0.000000  0.000000  0.000000  0.000000  0.000000  0.000000  1 
0.000000  1 21 1 1254.000000  2451.000000  0.000000  0.000000  0.000000  28.000000  0.000000  1.000000  0.000000  0.000000  0.000000  0.000000  0.000000  0.000000  0.000000  0.000000  0.000000  1.000000  1.000000  1.000000  0.000000  0.000000  0.000000  0.000000  1.000000  0.000000  0.000000  255.000000  59.000000  0.230000  0.020000  0.000000  0.000000  0.000000  0.000000  0.000000  0.000000  1 
2.000000  1 21 1 1227.000000  2449.000000  0.000000  0.000000  0.000000  28.000000  0.000000  1.000000  0.000000  0.000000  0.000000  0.000000  0.000000  0.000000  0.000000  0.000000  0.000000  1.000000  1.000000  1.000000  0.000000  0.000000  0.000000  0.000000  1.000000  0.000000  0.000000  255.000000  60.000000  0.240000  0.020000  0.000000  0.000000  0.000000  0.000000  0.000000  0.000000  1 
1.000000  1 21 1 1262.000000  2451.000000  0.000000  0.000000  0.000000  28.000000  0.000000  1.000000  0.000000  0.000000  0.000000  0.000000  0.000000  0.000000  0.000000  0.000000  0.000000  1.000000  1.000000  1.000000  0.000000  0.000000  0.000000  0.000000  1.000000  0.000000  0.000000  255.000000  61.000000  0.240000  0.020000  0.000000  0.000000  0.000000  0.000000  0.000000  0.000000  1 
0.000000  1 4 1 0.000000  7181.000000  0.000000  0.000000  0.000000  0.000000  0.000000  0.000000  0.000000  0.000000  0.000000  0.000000  0.000000  0.000000  0.000000  0.000000  0.000000  0.000000  1.000000  1.000000  0.000000  0.000000  0.000000  0.000000  1.000000  0.000000  0.000000  1.000000  1.000000  1.000000  0.000000  1.000000  0.000000  0.000000  0.000000  0.000000  0.000000  1 
0.000000  1 4 1 0.000000  848.000000  0.000000  0.000000  0.000000  0.000000  0.000000  0.000000  0.000000  0.000000  0.000000  0.000000  0.000000  0.000000  0.000000  0.000000  0.000000  0.000000  2.000000  2.000000  0.000000  0.000000  0.000000  0.000000  1.000000  0.000000  0.000000  2.000000  2.000000  1.000000  0.000000  1.000000  0.000000  0.000000  0.000000  0.000000  0.000000  1 
9.000000  1 4 1 0.000000  5153460.000000  0.000000  0.000000  0.000000  0.000000  0.000000  0.000000  0.000000  0.000000  0.000000  0.000000  0.000000  0.000000  0.000000  0.000000  0.000000  0.000000  3.000000  3.000000  0.000000  0.000000  0.000000  0.000000  1.000000  0.000000  0.000000  3.000000  3.000000  1.000000  0.000000  1.000000  0.000000  0.000000  0.000000  0.000000  0.000000  1 
10.000000  1 4 1 0.000000  5155468.000000  0.000000  0.000000  0.000000  0.000000  0.000000  0.000000  0.000000  0.000000  0.000000  0.000000  0.000000  0.000000  0.000000  0.000000  0.000000  0.000000  1.000000  1.000000  0.000000  0.000000  0.000000  0.000000  1.000000  0.000000  0.000000  4.000000  4.000000  1.000000  0.000000  1.000000  0.000000  0.000000  0.000000  0.000000  0.000000  1 
10.000000  1 4 1 0.000000  5151385.000000  0.000000  0.000000  0.000000  0.000000  0.000000  0.000000  0.000000  0.000000  0.000000  0.000000  0.000000  0.000000  0.000000  0.000000  0.000000  0.000000  1.000000  1.000000  0.000000  0.000000  0.000000  0.000000  1.000000  0.000000  0.000000  5.000000  5.000000  1.000000  0.000000  1.000000  0.000000  0.000000  0.000000  0.000000  0.000000  1 
9.000000  1 4 1 0.000000  5150836.000000  0.000000  0.000000  0.000000  0.000000  0.000000  0.000000  0.000000  0.000000  0.000000  0.000000  0.000000  0.000000  0.000000  0.000000  0.000000  0.000000  1.000000  1.000000  0.000000  0.000000  0.000000  0.000000  1.000000  0.000000  0.000000  6.000000  6.000000  1.000000  0.000000  1.000000  0.000000  0.000000  0.000000  0.000000  0.000000  1 
10.000000  1 4 1 0.000000  5150823.000000  0.000000  0.000000  0.000000  0.000000  0.000000  0.000000  0.000000  0.000000  0.000000  0.000000  0.000000  0.000000  0.000000  0.000000  0.000000  0.000000  1.000000  1.000000  0.000000  0.000000  0.000000  0.000000  1.000000  0.000000  0.000000  7.000000  7.000000  1.000000  0.000000  1.000000  0.000000  0.000000  0.000000  0.000000  0.000000  1 
10.000000  1 4 1 0.000000  5150877.000000  0.000000  0.000000  0.000000  0.000000  0.000000  0.000000  0.000000  0.000000  0.000000  0.000000  0.000000  0.000000  0.000000  0.000000  0.000000  0.000000  1.000000  1.000000  0.000000  0.000000  0.000000  0.000000  1.000000  0.000000  0.000000  8.000000  8.000000  1.000000  0.000000  1.000000  0.000000  0.000000  0.000000  0.000000  0.000000  1 
9.000000  1 4 1 0.000000  5150772.000000  0.000000  0.000000  0.000000  0.000000  0.000000  0.000000  0.000000  0.000000  0.000000  0.000000  0.000000  0.000000  0.000000  0.000000  0.000000  0.000000  1.000000  1.000000  0.000000  0.000000  0.000000  0.000000  1.000000  0.000000  0.000000  9.000000  9.000000  1.000000  0.000000  1.000000  0.000000  0.000000  0.000000  0.000000  0.000000  1 
10.000000  1 4 1 0.000000  5150841.000000  0.000000  0.000000  0.000000  0.000000  0.000000  0.000000  0.000000  0.000000  0.000000  0.000000  0.000000  0.000000  0.000000  0.000000  0.000000  0.000000  1.000000  1.000000  0.000000  0.000000  0.000000  0.000000  1.000000  0.000000  0.000000  10.000000  10.000000  1.000000  0.000000  1.000000  0.000000  0.000000  0.000000  0.000000  0.000000  1 
10.000000  1 4 1 0.000000  5150790.000000  0.000000  0.000000  0.000000  0.000000  0.000000  0.000000  0.000000  0.000000  0.000000  0.000000  0.000000  0.000000  0.000000  0.000000  0.000000  0.000000  1.000000  1.000000  0.000000  0.000000  0.000000  0.000000  1.000000  0.000000  0.000000  11.000000  11.000000  1.000000  0.000000  1.000000  0.000000  0.000000  0.000000  0.000000  0.000000  1 
9.000000  1 4 1 0.000000  5153771.000000  0.000000  0.000000  0.000000  0.000000  0.000000  0.000000  0.000000  0.000000  0.000000  0.000000  0.000000  0.000000  0.000000  0.000000  0.000000  0.000000  1.000000  1.000000  0.000000  0.000000  0.000000  0.000000  1.000000  0.000000  0.000000  12.000000  12.000000  1.000000  0.000000  1.000000  0.000000  0.000000  0.000000  0.000000  0.000000  1 
9.000000  1 4 1 0.000000  5151049.000000  0.000000  0.000000  0.000000  0.000000  0.000000  0.000000  0.000000  0.000000  0.000000  0.000000  0.000000  0.000000  0.000000  0.000000  0.000000  0.000000  1.000000  1.000000  0.000000  0.000000  0.000000  0.000000  1.000000  0.000000  0.000000  13.000000  13.000000  1.000000  0.000000  1.000000  0.000000  0.000000  0.000000  0.000000  0.000000  1 
9.000000  1 4 1 0.000000  5149533.000000  0.000000  0.000000  0.000000  0.000000  0.000000  0.000000  0.000000  0.000000  0.000000  0.000000  0.000000  0.000000  0.000000  0.000000  0.000000  0.000000  1.000000  1.000000  0.000000  0.000000  0.000000  0.000000  1.000000  0.000000  0.000000  14.000000  14.000000  1.000000  0.000000  1.000000  0.000000  0.000000  0.000000  0.000000  0.000000  1 
9.000000  1 4 1 0.000000  5150938.000000  0.000000  0.000000  0.000000  0.000000  0.000000  0.000000  0.000000  0.000000  0.000000  0.000000  0.000000  0.000000  0.000000  0.000000  0.000000  0.000000  1.000000  1.000000  0.000000  0.000000  0.000000  0.000000  1.000000  0.000000  0.000000  15.000000  15.000000  1.000000  0.000000  1.000000  0.000000  0.000000  0.000000  0.000000  0.000000  1 
10.000000  1 4 1 0.000000  5151154.000000  0.000000  0.000000  0.000000  0.000000  0.000000  0.000000  0.000000  0.000000  0.000000  0.000000  0.000000  0.000000  0.000000  0.000000  0.000000  0.000000  1.000000  1.000000  0.000000  0.000000  0.000000  0.000000  1.000000  0.000000  0.000000  16.000000  16.000000  1.000000  0.000000  1.000000  0.000000  0.000000  0.000000  0.000000  0.000000  1 
10.000000  1 4 1 0.000000  5150180.000000  0.000000  0.000000  0.000000  0.000000  0.000000  0.000000  0.000000  0.000000  0.000000  0.000000  0.000000  0.000000  0.000000  0.000000  0.000000  0.000000  1.000000  1.000000  0.000000  0.000000  0.000000  0.000000  1.000000  0.000000  0.000000  17.000000  17.000000  1.000000  0.000000  1.000000  0.000000  0.000000  0.000000  0.000000  0.000000  1 
2.000000  1 4 1 0.000000  1159100.000000  0.000000  0.000000  0.000000  0.000000  0.000000  0.000000  0.000000  0.000000  0.000000  0.000000  0.000000  0.000000  0.000000  0.000000  0.000000  0.000000  1.000000  1.000000  0.000000  0.000000  0.000000  0.000000  1.000000  0.000000  0.000000  18.000000  18.000000  1.000000  0.000000  1.000000  0.000000  0.000000  0.000000  0.000000  0.000000  1 
0.000000  1 3 3 0.000000  0.000000  0.000000  0.000000  0.000000  0.000000  0.000000  0.000000  0.000000  0.000000  0.000000  0.000000  0.000000  0.000000  0.000000  0.000000  0.000000  0.000000  1.000000  1.000000  0.000000  0.000000  1.000000  1.000000  1.000000  0.000000  0.000000  4.000000  237.000000  1.000000  0.000000  0.250000  0.160000  0.000000  0.000000  1.000000  1.000000  0 
0.000000  1 3 3 0.000000  0.000000  0.000000  0.000000  0.000000  0.000000  0.000000  0.000000  0.000000  0.000000  0.000000  0.000000  0.000000  0.000000  0.000000  0.000000  0.000000  0.000000  1.000000  1.000000  0.000000  0.000000  1.000000  1.000000  1.000000  0.000000  0.000000  2.000000  237.000000  1.000000  0.000000  0.500000  0.160000  0.000000  0.000000  1.000000  1.000000  0 
0.000000  1 3 3 0.000000  0.000000  0.000000  0.000000  0.000000  0.000000  0.000000  0.000000  0.000000  0.000000  0.000000  0.000000  0.000000  0.000000  0.000000  0.000000  0.000000  0.000000  1.000000  1.000000  0.000000  0.000000  1.000000  1.000000  1.000000  0.000000  0.000000  8.000000  237.000000  1.000000  0.000000  0.120000  0.170000  0.000000  0.000000  1.000000  1.000000  0 
0.000000  1 3 3 0.000000  0.000000  0.000000  0.000000  0.000000  0.000000  0.000000  0.000000  0.000000  0.000000  0.000000  0.000000  0.000000  0.000000  0.000000  0.000000  0.000000  0.000000  1.000000  1.000000  0.000000  0.000000  1.000000  1.000000  1.000000  0.000000  0.000000  18.000000  237.000000  1.000000  0.000000  0.060000  0.170000  0.000000  0.000000  1.000000  1.000000  0 
0.000000  1 3 3 0.000000  0.000000  0.000000  0.000000  0.000000  0.000000  0.000000  0.000000  0.000000  0.000000  0.000000  0.000000  0.000000  0.000000  0.000000  0.000000  0.000000  0.000000  1.000000  1.000000  0.000000  0.000000  1.000000  1.000000  1.000000  0.000000  0.000000  1.000000  237.000000  1.000000  0.000000  1.000000  0.180000  0.000000  0.000000  1.000000  1.000000  0 
0.000000  1 3 3 0.000000  0.000000  0.000000  0.000000  0.000000  0.000000  0.000000  0.000000  0.000000  0.000000  0.000000  0.000000  0.000000  0.000000  0.000000  0.000000  0.000000  0.000000  1.000000  1.000000  0.000000  0.000000  1.000000  1.000000  1.000000  0.000000  0.000000  6.000000  237.000000  1.000000  0.000000  0.170000  0.190000  0.000000  0.000000  1.000000  1.000000  0 
0.000000  1 3 3 0.000000  0.000000  0.000000  0.000000  0.000000  0.000000  0.000000  0.000000  0.000000  0.000000  0.000000  0.000000  0.000000  0.000000  0.000000  0.000000  0.000000  0.000000  1.000000  2.000000  0.000000  0.000000  1.000000  1.000000  1.000000  0.000000  1.000000  16.000000  237.000000  1.000000  0.000000  0.060000  0.190000  0.000000  0.000000  1.000000  1.000000  0 
0.000000  1 3 3 0.000000  0.000000  0.000000  0.000000  0.000000  0.000000  0.000000  0.000000  0.000000  0.000000  0.000000  0.000000  0.000000  0.000000  0.000000  0.000000  0.000000  0.000000  1.000000  2.000000  0.000000  0.000000  1.000000  1.000000  1.000000  0.000000  1.000000  8.000000  237.000000  1.000000  0.000000  0.120000  0.190000  0.000000  0.000000  1.000000  1.000000  0 
0.000000  1 3 3 0.000000  0.000000  0.000000  0.000000  0.000000  0.000000  0.000000  0.000000  0.000000  0.000000  0.000000  0.000000  0.000000  0.000000  0.000000  0.000000  0.000000  0.000000  1.000000  1.000000  0.000000  0.000000  1.000000  1.000000  1.000000  0.000000  0.000000  18.000000  237.000000  1.000000  0.000000  0.060000  0.180000  0.000000  0.000000  1.000000  1.000000  0 
0.000000  1 3 3 0.000000  0.000000  0.000000  0.000000  0.000000  0.000000  0.000000  0.000000  0.000000  0.000000  0.000000  0.000000  0.000000  0.000000  0.000000  0.000000  0.000000  0.000000  1.000000  1.000000  0.000000  0.000000  1.000000  1.000000  1.000000  0.000000  0.000000  5.000000  237.000000  1.000000  0.000000  0.200000  0.190000  0.000000  0.000000  1.000000  1.000000  0 
0.000000  1 3 3 0.000000  0.000000  0.000000  0.000000  0.000000  0.000000  0.000000  0.000000  0.000000  0.000000  0.000000  0.000000  0.000000  0.000000  0.000000  0.000000  0.000000  0.000000  1.000000  1.000000  0.000000  0.000000  1.000000  1.000000  1.000000  0.000000  0.000000  5.000000  237.000000  1.000000  0.000000  0.200000  0.190000  0.000000  0.000000  1.000000  1.000000  0 
0.000000  1 28 5 1492.000000  649186.000000  0.000000  0.000000  0.000000  0.000000  0.000000  0.000000  0.000000  0.000000  0.000000  0.000000  0.000000  0.000000  0.000000  0.000000  0.000000  0.000000  1.000000  1.000000  1.000000  1.000000  0.000000  0.000000  1.000000  0.000000  0.000000  11.000000  11.000000  1.000000  0.000000  0.090000  0.000000  0.550000  0.550000  0.000000  0.000000  1 
17833.000000  1 59 1 5167.000000  65909.000000  0.000000  0.000000  0.000000  0.000000  0.000000  1.000000  0.000000  0.000000  0.000000  0.000000  1.000000  0.000000  0.000000  0.000000  0.000000  0.000000  2.000000  1.000000  0.000000  0.000000  0.000000  0.000000  0.500000  1.000000  0.000000  255.000000  51.000000  0.200000  0.020000  0.000000  0.000000  0.640000  0.780000  0.000000  0.000000  0 