0 tcp smtp SF 2457 494 0 0 0 0 0 1 0 0 0 0 0 0 0 0 0 0 1 2 0.00 0.00 0.00 0.00 1.00 0.00 1.00 52 243 0.96 0.04 0.02 0.01 0.00 0.00 0.00 0.00 normal.
0 tcp smtp SF 1089 492 0 0 0 0 0 1 0 0 0 0 0 0 0 0 0 0 1 3 0.00 0.00 0.00 0.00 1.00 0.00 1.00 62 242 0.95 0.03 0.02 0.01 0.00 0.00 0.00 0.00 normal.
0 tcp smtp SF 1204 499 0 0 0 0 0 1 0 0 0 0 0 0 0 0 0 0 1 1 0.00 0.00 0.00 0.00 1.00 0.00 0.00 72 242 0.94 0.04 0.01 0.01 0.00 0.00 0.00 0.00 normal.
0 udp private SF 28 0 0 1 0 0 0 0 0 0 0 0 0 0 0 0 0 0 1 1 0.00 0.00 0.00 0.00 1.00 0.00 0.00 73 1 0.01 0.05 0.01 0.00 0.00 0.00 0.00 0.00 teardrop.
0 udp private SF 28 0 0 3 0 0 0 0 0 0 0 0 0 0 0 0 0 0 2 2 0.00 0.00 0.00 0.00 1.00 0.00 0.00 74 2 0.03 0.05 0.03 0.00 0.00 0.00 0.00 0.00 teardrop.
0 udp private SF 28 0 0 3 0 0 0 0 0 0 0 0 0 0 0 0 0 0 3 3 0.00 0.00 0.00 0.00 1.00 0.00 0.00 75 3 0.04 0.05 0.04 0.00 0.00 0.00 0.00 0.00 teardrop.
0 udp private SF 28 0 0 3 0 0 0 0 0 0 0 0 0 0 0 0 0 0 4 4 0.00 0.00 0.00 0.00 1.00 0.00 0.00 76 4 0.05 0.05 0.05 0.00 0.00 0.00 0.00 0.00 teardrop.
0 udp private SF 28 0 0 3 0 0 0 0 0 0 0 0 0 0 0 0 0 0 5 5 0.00 0.00 0.00 0.00 1.00 0.00 0.00 77 5 0.06 0.05 0.06 0.00 0.00 0.00 0.00 0.00 teardrop.
0 udp private SF 28 0 0 3 0 0 0 0 0 0 0 0 0 0 0 0 0 0 6 6 0.00 0.00 0.00 0.00 1.00 0.00 0.00 78 6 0.08 0.05 0.08 0.00 0.00 0.00 0.00 0.00 teardrop.
0 udp private SF 28 0 0 3 0 0 0 0 0 0 0 0 0 0 0 0 0 0 7 7 0.00 0.00 0.00 0.00 1.00 0.00 0.00 79 7 0.09 0.05 0.09 0.00 0.00 0.00 0.00 0.00 teardrop.
0 udp private SF 28 0 0 3 0 0 0 0 0 0 0 0 0 0 0 0 0 0 8 8 0.00 0.00 0.00 0.00 1.00 0.00 0.00 80 8 0.10 0.05 0.10 0.00 0.00 0.00 0.00 0.00 teardrop.
0 udp private SF 28 0 0 3 0 0 0 0 0 0 0 0 0 0 0 0 0 0 9 9 0.00 0.00 0.00 0.00 1.00 0.00 0.00 81 9 0.11 0.05 0.11 0.00 0.00 0.00 0.00 0.00 teardrop.
0 udp private SF 28 0 0 3 0 0 0 0 0 0 0 0 0 0 0 0 0 0 10 10 0.00 0.00 0.00 0.00 1.00 0.00 0.00 82 10 0.12 0.05 0.12 0.00 0.00 0.00 0.00 0.00 teardrop.
0 udp private SF 28 0 0 3 0 0 0 0 0 0 0 0 0 0 0 0 0 0 11 11 0.00 0.00 0.00 0.00 1.00 0.00 0.00 83 11 0.13 0.05 0.13 0.00 0.00 0.00 0.00 0.00 teardrop.
0 udp private SF 28 0 0 3 0 0 0 0 0 0 0 0 0 0 0 0 0 0 12 12 0.00 0.00 0.00 0.00 1.00 0.00 0.00 84 12 0.14 0.05 0.14 0.00 0.00 0.00 0.00 0.00 teardrop.
0 udp private SF 28 0 0 3 0 0 0 0 0 0 0 0 0 0 0 0 0 0 13 13 0.00 0.00 0.00 0.00 1.00 0.00 0.00 85 13 0.15 0.05 0.15 0.00 0.00 0.00 0.00 0.00 teardrop.
0 udp private SF 28 0 0 3 0 0 0 0 0 0 0 0 0 0 0 0 0 0 14 14 0.00 0.00 0.00 0.00 1.00 0.00 0.00 86 14 0.16 0.05 0.16 0.00 0.00 0.00 0.00 0.00 teardrop.
143 tcp telnet SF 142 324 0 0 0 0 4 0 0 0 0 0 0 0 0 0 0 0 2 1 0.50 0.00 0.00 0.00 0.50 1.00 0.00 255 30 0.12 0.38 0.00 0.00 0.38 0.10 0.00 0.03 normal.
0 tcp smtp SF 1917 388 0 0 0 0 0 1 0 0 0 0 0 0 0 0 0 0 1 1 0.00 0.00 0.00 0.00 1.00 0.00 0.00 255 76 0.30 0.34 0.00 0.00 0.34 0.00 0.00 0.00 normal.
0 tcp smtp SF 1210 386 0 0 0 0 0 1 0 0 0 0 0 0 0 0 0 0 1 4 0.00 0.00 0.00 0.00 1.00 0.00 0.75 255 84 0.33 0.30 0.00 0.00 0.30 0.00 0.00 0.00 normal.
0 tcp smtp SF 5143 540 0 0 0 0 0 1 0 0 0 0 0 0 0 0 0 0 1 2 0.00 0.00 0.00 0.00 1.00 0.00 1.00 255 93 0.36 0.26 0.00 0.00 0.26 0.00 0.00 0.00 normal.
0 tcp smtp SF 1791 440 0 0 0 0 0 1 0 0 0 0 0 0 0 0 0 0 1 2 0.00 0.00 0.00 0.00 1.00 0.00 1.00 255 102 0.40 0.22 0.00 0.00 0.22 0.00 0.00 0.00 normal.
0 icmp ecr_i SF 1032 0 0 0 0 0 0 0 0 0 0 0 0 0 0 0 0 0 511 511 0.00 0.00 0.00 0.00 1.00 0.00 0.00 255 9 0.04 0.19 0.04 0.00 0.18 0.00 0.00 0.00 smurf.
0 icmp ecr_i SF 1032 0 0 0 0 0 0 0 0 0 0 0 0 0 0 0 0 0 511 511 0.00 0.00 0.00 0.00 1.00 0.00 0.00 255 19 0.07 0.15 0.07 0.00 0.15 0.00 0.00 0.00 smurf.
0 icmp ecr_i SF 1032 0 0 0 0 0 0 0 0 0 0 0 0 0 0 0 0 0 511 511 0.00 0.00 0.00 0.00 1.00 0.00 0.00 255 29 0.11 0.11 0.11 0.00 0.11 0.00 0.00 0.00 smurf.
0 icmp ecr_i SF 1032 0 0 0 0 0 0 0 0 0 0 0 0 0 0 0 0 0 511 511 0.00 0.00 0.00 0.00 1.00 0.00 0.00 255 39 0.15 0.07 0.15 0.00 0.07 0.00 0.00 0.00 smurf.
0 icmp ecr_i SF 1032 0 0 0 0 0 0 0 0 0 0 0 0 0 0 0 0 0 511 511 0.00 0.00 0.00 0.00 1.00 0.00 0.00 255 49 0.19 0.03 0.19 0.00 0.03 0.00 0.00 0.00 smurf.
0 icmp ecr_i SF 1032 0 0 0 0 0 0 0 0 0 0 0 0 0 0 0 0 0 511 511 0.00 0.00 0.00 0.00 1.00 0.00 0.00 255 59 0.23 0.02 0.23 0.00 0.02 0.00 0.00 0.00 smurf.
0 icmp ecr_i SF 1032 0 0 0 0 0 0 0 0 0 0 0 0 0 0 0 0 0 511 511 0.00 0.00 0.00 0.00 1.00 0.00 0.00 255 69 0.27 0.02 0.27 0.00 0.02 0.00 0.00 0.00 smurf.
0 icmp ecr_i SF 1032 0 0 0 0 0 0 0 0 0 0 0 0 0 0 0 0 0 511 511 0.00 0.00 0.00 0.00 1.00 0.00 0.00 255 79 0.31 0.02 0.31 0.00 0.02 0.00 0.00 0.00 smurf.
0 icmp ecr_i SF 1032 0 0 0 0 0 0 0 0 0 0 0 0 0 0 0 0 0 511 511 0.00 0.00 0.00 0.00 1.00 0.00 0.00 255 89 0.35 0.02 0.35 0.00 0.02 0.00 0.00 0.00 smurf.
0 icmp ecr_i SF 1032 0 0 0 0 0 0 0 0 0 0 0 0 0 0 0 0 0 511 511 0.00 0.00 0.00 0.00 1.00 0.00 0.00 255 99 0.39 0.02 0.39 0.00 0.02 0.00 0.00 0.00 smurf.
0 icmp ecr_i SF 1032 0 0 0 0 0 0 0 0 0 0 0 0 0 0 0 0 0 511 511 0.00 0.00 0.00 0.00 1.00 0.00 0.00 255 109 0.43 0.02 0.43 0.00 0.02 0.00 0.00 0.00 smurf.
0 icmp ecr_i SF 1032 0 0 0 0 0 0 0 0 0 0 0 0 0 0 0 0 0 511 511 0.00 0.00 0.00 0.00 1.00 0.00 0.00 255 119 0.47 0.02 0.47 0.00 0.02 0.00 0.00 0.00 smurf.
0 icmp ecr_i SF 1032 0 0 0 0 0 0 0 0 0 0 0 0 0 0 0 0 0 511 511 0.00 0.00 0.00 0.00 1.00 0.00 0.00 255 129 0.51 0.02 0.51 0.00 0.02 0.00 0.00 0.00 smurf.
0 icmp ecr_i SF 1032 0 0 0 0 0 0 0 0 0 0 0 0 0 0 0 0 0 511 511 0.00 0.00 0.00 0.00 1.00 0.00 0.00 255 139 0.55 0.02 0.55 0.00 0.01 0.00 0.00 0.00 smurf.
0 icmp ecr_i SF 1032 0 0 0 0 0 0 0 0 0 0 0 0 0 0 0 0 0 511 511 0.00 0.00 0.00 0.00 1.00 0.00 0.00 255 149 0.58 0.02 0.58 0.00 0.01 0.00 0.00 0.00 smurf.
0 icmp ecr_i SF 1032 0 0 0 0 0 0 0 0 0 0 0 0 0 0 0 0 0 511 511 0.00 0.00 0.00 0.00 1.00 0.00 0.00 255 159 0.62 0.02 0.62 0.00 0.00 0.00 0.00 0.00 smurf.
0 icmp ecr_i SF 1032 0 0 0 0 0 0 0 0 0 0 0 0 0 0 0 0 0 511 511 0.00 0.00 0.00 0.00 1.00 0.00 0.00 255 169 0.66 0.02 0.66 0.00 0.00 0.00 0.00 0.00 smurf.
0 tcp ftp_data SF 68119 0 0 0 0 0 0 1 0 0 0 0 0 0 0 0 0 0 1 1 0.00 0.00 0.00 0.00 1.00 0.00 0.00 213 75 0.35 0.02 0.35 0.03 0.00 0.00 0.01 0.00 normal.
0 tcp ftp_data SF 491 0 0 0 0 0 0 1 0 0 0 5 0 0 0 0 0 0 2 2 0.00 0.00 0.00 0.00 1.00 0.00 0.00 223 76 0.34 0.02 0.34 0.00 0.00 0.00 0.01 0.00 normal.
15 tcp smtp SF 1855 335 0 0 0 0 0 1 0 0 0 0 0 0 0 0 0 0 1 1 0.00 0.00 0.00 0.00 1.00 0.00 0.00 233 143 0.61 0.02 0.00 0.00 0.00 0.00 0.01 0.01 normal.
0 tcp private S0 0 0 0 0 0 0 0 0 0 0 0 0 0 0 0 0 0 0 63 1 1.00 1.00 0.00 0.00 0.02 0.08 0.00 1 1 1.00 0.00 1.00 0.00 1.00 1.00 0.00 0.00 neptune.
0 tcp private S0 0 0 0 0 0 0 0 0 0 0 0 0 0 0 0 0 0 0 110 8 1.00 1.00 0.00 0.00 0.07 0.06 0.00 11 8 0.73 0.27 0.09 0.00 1.00 1.00 0.00 0.00 neptune.
0 tcp private S0 0 0 0 0 0 0 0 0 0 0 0 0 0 0 0 0 0 0 119 17 1.00 1.00 0.00 0.00 0.14 0.06 0.00 21 17 0.81 0.14 0.05 0.00 1.00 1.00 0.00 0.00 neptune.
0 tcp private S0 0 0 0 0 0 0 0 0 0 0 0 0 0 0 0 0 0 0 128 6 1.00 1.00 0.00 0.00 0.05 0.06 0.00 31 6 0.19 0.13 0.03 0.00 1.00 1.00 0.00 0.00 neptune.
0 tcp private S0 0 0 0 0 0 0 0 0 0 0 0 0 0 0 0 0 0 0 138 16 1.00 1.00 0.00 0.00 0.12 0.06 0.00 41 16 0.39 0.10 0.02 0.00 1.00 1.00 0.00 0.00 neptune.
0 tcp private S0 0 0 0 0 0 0 0 0 0 0 0 0 0 0 0 0 0 0 105 6 1.00 1.00 0.00 0.00 0.06 0.06 0.00 51 5 0.10 0.10 0.02 0.00 1.00 1.00 0.00 0.00 neptune.
0 tcp private S0 0 0 0 0 0 0 0 0 0 0 0 0 0 0 0 0 0 0 114 14 1.00 1.00 0.00 0.00 0.12 0.06 0.00 61 13 0.21 0.10 0.02 0.00 1.00 1.00 0.00 0.00 neptune.
0 tcp private S0 0 0 0 0 0 0 0 0 0 0 0 0 0 0 0 0 0 0 123 3 1.00 1.00 0.00 0.00 0.02 0.07 0.00 71 3 0.04 0.10 0.01 0.00 1.00 1.00 0.00 0.00 neptune.
0 tcp private S0 0 0 0 0 0 0 0 0 0 0 0 0 0 0 0 0 0 0 132 12 1.00 1.00 0.00 0.00 0.09 0.06 0.00 81 12 0.15 0.09 0.01 0.00 1.00 1.00 0.00 0.00 neptune.
0 tcp private S0 0 0 0 0 0 0 0 0 0 0 0 0 0 0 0 0 0 0 141 2 1.00 1.00 0.00 0.00 0.01 0.06 0.00 91 2 0.02 0.08 0.01 0.00 1.00 1.00 0.00 0.00 neptune.
0 tcp private S0 0 0 0 0 0 0 0 0 0 0 0 0 0 0 0 0 0 0 150 11 1.00 1.00 0.00 0.00 0.07 0.05 0.00 101 11 0.11 0.07 0.01 0.00 1.00 1.00 0.00 0.00 neptune.
0 tcp private S0 0 0 0 0 0 0 0 0 0 0 0 0 0 0 0 0 0 0 109 19 1.00 1.00 0.00 0.00 0.17 0.06 0.00 111 19 0.17 0.07 0.01 0.00 1.00 1.00 0.00 0.00 neptune.
0 tcp private S0 0 0 0 0 0 0 0 0 0 0 0 0 0 0 0 0 0 0 119 10 1.00 1.00 0.00 0.00 0.08 0.06 0.00 121 10 0.08 0.07 0.01 0.00 1.00 1.00 0.00 0.00 neptune.
0 tcp private S0 0 0 0 0 0 0 0 0 0 0 0 0 0 0 0 0 0 0 128 18 1.00 1.00 0.00 0.00 0.14 0.06 0.00 131 18 0.14 0.07 0.01 0.00 1.00 1.00 0.00 0.00 neptune.
0 tcp private S0 0 0 0 0 0 0 0 0 0 0 0 0 0 0 0 0 0 0 74 12 1.00 1.00 0.00 0.00 0.16 0.07 0.00 141 12 0.09 0.06 0.01 0.00 1.00 1.00 0.00 0.00 neptune.
0 tcp private S0 0 0 0 0 0 0 0 0 0 0 0 0 0 0 0 0 0 0 97 14 1.00 1.00 0.00 0.00 0.14 0.06 0.00 151 14 0.09 0.07 0.01 0.00 1.00 1.00 0.00 0.00 neptune.
8 tcp http SF 54540 8314 0 0 0 2 0 1 1 0 0 0 0 0 0 0 0 0 5 5 0.00 0.00 0.60 0.60 1.00 0.00 0.00 7 7 1.00 0.00 0.14 0.00 0.00 0.00 0.71 0.71 back.
9 tcp http SF 54540 8314 0 0 0 2 0 1 1 0 0 0 0 0 0 0 0 0 5 5 0.00 0.00 0.40 0.40 1.00 0.00 0.00 8 8 1.00 0.00 0.12 0.00 0.00 0.00 0.62 0.62 back.
8 tcp http SF 54540 8314 0 0 0 2 0 1 1 0 0 0 0 0 0 0 0 0 4 4 0.00 0.00 0.00 0.00 1.00 0.00 0.00 9 9 1.00 0.00 0.11 0.00 0.00 0.00 0.56 0.56 back.
7 tcp http SF 54540 8314 0 0 0 2 0 1 1 0 0 0 0 0 0 0 0 0 3 3 0.00 0.00 0.00 0.00 1.00 0.00 0.00 10 10 1.00 0.00 0.10 0.00 0.00 0.00 0.50 0.50 back.
6 tcp http SF 54540 8314 0 0 0 2 0 1 1 0 0 0 0 0 0 0 0 0 3 3 0.00 0.00 0.00 0.00 1.00 0.00 0.00 11 11 1.00 0.00 0.09 0.00 0.00 0.00 0.45 0.45 back.
6 tcp http SF 54540 8314 0 0 0 2 0 1 1 0 0 0 0 0 0 0 0 0 4 4 0.00 0.00 0.00 0.00 1.00 0.00 0.00 12 12 1.00 0.00 0.08 0.00 0.00 0.00 0.42 0.42 back.
5 tcp http SF 54540 8314 0 0 0 2 0 1 1 0 0 0 0 0 0 0 0 0 4 4 0.00 0.00 0.00 0.00 1.00 0.00 0.00 13 13 1.00 0.00 0.08 0.00 0.00 0.00 0.38 0.38 back.
2 tcp http RSTR 18980 4380 0 0 0 1 0 1 0 0 0 0 0 0 0 0 0 0 4 4 0.00 0.00 0.25 0.25 1.00 0.00 0.00 14 14 1.00 0.00 0.07 0.00 0.00 0.00 0.43 0.43 back.
1 tcp http RSTR 45260 4380 0 0 0 1 0 1 0 0 0 0 0 0 0 0 0 0 3 3 0.00 0.00 0.67 0.67 1.00 0.00 0.00 15 15 1.00 0.00 0.07 0.00 0.00 0.00 0.47 0.47 back.
12 tcp http RSTR 33580 1460 0 0 0 1 0 1 0 0 0 0 0 0 0 0 0 0 3 3 0.00 0.00 1.00 1.00 1.00 0.00 0.00 16 16 1.00 0.00 0.06 0.00 0.00 0.00 0.50 0.50 back.
13 tcp http SF 54540 8314 0 0 0 2 0 1 1 0 0 0 0 0 0 0 0 0 3 3 0.00 0.00 0.67 0.67 1.00 0.00 0.00 17 17 1.00 0.00 0.06 0.00 0.00 0.00 0.47 0.47 back.
14 tcp http SF 54540 8314 0 0 0 2 0 1 1 0 0 0 0 0 0 0 0 0 4 4 0.00 0.00 0.50 0.50 1.00 0.00 0.00 18 18 1.00 0.00 0.06 0.00 0.00 0.00 0.44 0.44 back.
12 tcp http SF 54540 8314 0 0 0 2 0 1 1 0 0 0 0 0 0 0 0 0 4 4 0.00 0.00 0.25 0.25 1.00 0.00 0.00 19 19 1.00 0.00 0.05 0.00 0.00 0.00 0.42 0.42 back.
11 tcp http SF 54540 8314 0 0 0 2 0 1 1 0 0 0 0 0 0 0 0 0 4 4 0.00 0.00 0.00 0.00 1.00 0.00 0.00 20 20 1.00 0.00 0.05 0.00 0.00 0.00 0.40 0.40 back.
0 tcp http SF 193 12164 0 0 0 0 0 1 0 0 0 0 0 0 0 0 0 0 1 1 0.00 0.00 0.00 0.00 1.00 0.00 0.00 255 247 0.97 0.01 0.00 0.00 0.00 0.00 0.00 0.00 normal.
0 tcp http SF 229 1075 0 0 0 0 0 1 0 0 0 0 0 0 0 0 0 0 3 3 0.00 0.00 0.00 0.00 1.00 0.00 0.00 255 247 0.97 0.01 0.00 0.00 0.00 0.00 0.00 0.00 normal.
0 tcp http SF 225 2239 0 0 0 0 0 1 0 0 0 0 0 0 0 0 0 0 6 6 0.00 0.00 0.00 0.00 1.00 0.00 0.00 255 247 0.97 0.01 0.00 0.00 0.00 0.00 0.00 0.00 normal.
0 tcp http SF 190 1630 0 0 0 0 0 1 0 0 0 0 0 0 0 0 0 0 1 1 0.00 0.00 0.00 0.00 1.00 0.00 0.00 255 247 0.97 0.01 0.00 0.00 0.00 0.00 0.00 0.00 normal.
104 tcp http SF 247 266 0 0 0 0 0 1 0 0 0 0 0 0 0 0 0 0 4 4 0.00 0.00 0.00 0.00 1.00 0.00 0.00 255 247 0.97 0.01 0.00 0.00 0.00 0.00 0.00 0.00 normal.
0 tcp http SF 259 279 0 0 0 0 0 1 0 0 0 0 0 0 0 0 0 0 2 12 0.00 0.00 0.00 0.00 1.00 0.00 0.17 255 247 0.97 0.01 0.00 0.00 0.00 0.00 0.00 0.00 normal.
0 tcp http SF 235 1075 0 0 0 0 0 1 0 0 0 0 0 0 0 0 0 0 7 7 0.00 0.00 0.00 0.00 1.00 0.00 0.00 255 245 0.96 0.02 0.00 0.00 0.00 0.00 0.00 0.00 normal.
0 tcp http SF 184 1619 0 0 0 0 0 1 0 0 0 0 0 0 0 0 0 0 1 1 0.00 0.00 0.00 0.00 1.00 0.00 0.00 255 245 0.96 0.02 0.00 0.00 0.00 0.00 0.00 0.00 normal.
0 tcp http SF 177 1332 0 0 0 0 0 1 0 0 0 0 0 0 0 0 0 0 1 1 0.00 0.00 0.00 0.00 1.00 0.00 0.00 255 245 0.96 0.02 0.00 0.00 0.00 0.00 0.00 0.00 normal.
0 tcp http SF 235 3222 0 0 0 0 0 1 0 0 0 0 0 0 0 0 0 0 2 2 0.00 0.00 0.00 0.00 1.00 0.00 0.00 255 245 0.96 0.02 0.00 0.00 0.00 0.00 0.00 0.00 normal.
0 tcp http SF 191 13096 0 0 0 0 0 1 0 0 0 0 0 0 0 0 0 0 1 1 0.00 0.00 0.00 0.00 1.00 0.00 0.00 255 245 0.96 0.02 0.00 0.00 0.00 0.00 0.00 0.00 normal.
2 tcp smtp SF 1320 673 0 0 0 0 0 1 0 0 0 0 0 0 0 0 0 0 1 3 0.00 0.00 0.00 0.00 1.00 0.00 1.00 255 9 0.04 0.02 0.00 0.00 0.00 0.00 0.00 0.00 normal.
0 tcp http SF 304 1075 0 0 0 0 0 1 0 0 0 0 0 0 0 0 0 0 5 5 0.00 0.00 0.00 0.00 1.00 0.00 0.00 255 244 0.96 0.02 0.00 0.00 0.00 0.00 0.00 0.00 normal.
0 tcp http SF 307 2507 0 0 0 0 0 1 0 0 0 0 0 0 0 0 0 0 8 8 0.00 0.00 0.00 0.00 1.00 0.00 0.00 255 244 0.96 0.02 0.00 0.00 0.00 0.00 0.00 0.00 normal.
0 icmp ecr_i SF 1480 0 0 1 0 0 0 0 0 0 0 0 0 0 0 0 0 0 1 1 0.00 0.00 0.00 0.00 1.00 0.00 0.00 255 1 0.00 0.02 0.00 0.00 0.00 0.00 0.00 0.00 pod.
0 icmp ecr_i SF 1480 0 0 1 0 0 0 0 0 0 0 0 0 0 0 0 0 0 2 2 0.00 0.00 0.00 0.00 1.00 0.00 0.00 255 2 0.01 0.02 0.01 0.00 0.00 0.00 0.00 0.00 pod.
0 icmp ecr_i SF 1480 0 0 1 0 0 0 0 0 0 0 0 0 0 0 0 0 0 3 3 0.00 0.00 0.00 0.00 1.00 0.00 0.00 255 3 0.01 0.02 0.01 0.00 0.00 0.00 0.00 0.00 pod.
0 icmp ecr_i SF 1480 0 0 1 0 0 0 0 0 0 0 0 0 0 0 0 0 0 4 4 0.00 0.00 0.00 0.00 1.00 0.00 0.00 255 4 0.02 0.02 0.02 0.00 0.00 0.00 0.00 0.00 pod.
0 icmp ecr_i SF 1480 0 0 1 0 0 0 0 0 0 0 0 0 0 0 0 0 0 5 5 0.00 0.00 0.00 0.00 1.00 0.00 0.00 255 5 0.02 0.02 0.02 0.00 0.00 0.00 0.00 0.00 pod.
0 icmp ecr_i SF 1480 0 0 1 0 0 0 0 0 0 0 0 0 0 0 0 0 0 6 6 0.00 0.00 0.00 0.00 1.00 0.00 0.00 255 6 0.02 0.02 0.02 0.00 0.00 0.00 0.00 0.00 pod.
0 icmp ecr_i SF 1480 0 0 1 0 0 0 0 0 0 0 0 0 0 0 0 0 0 7 7 0.00 0.00 0.00 0.00 1.00 0.00 0.00 255 7 0.03 0.02 0.03 0.00 0.00 0.00 0.00 0.00 pod.
0 icmp ecr_i SF 1480 0 0 1 0 0 0 0 0 0 0 0 0 0 0 0 0 0 8 8 0.00 0.00 0.00 0.00 1.00 0.00 0.00 255 8 0.03 0.02 0.03 0.00 0.00 0.00 0.00 0.00 pod.
0 icmp ecr_i SF 1480 0 0 1 0 0 0 0 0 0 0 0 0 0 0 0 0 0 9 9 0.00 0.00 0.00 0.00 1.00 0.00 0.00 255 9 0.04 0.02 0.04 0.00 0.00 0.00 0.00 0.00 pod.
0 tcp http SF 230 1075 0 0 0 0 0 1 0 0 0 0 0 0 0 0 0 0 7 7 0.00 0.00 0.00 0.00 1.00 0.00 0.00 255 249 0.98 0.01 0.00 0.00 0.00 0.00 0.00 0.00 normal.
0 tcp http SF 177 2175 0 0 0 0 0 1 0 0 0 0 0 0 0 0 0 0 1 1 0.00 0.00 0.00 0.00 1.00 0.00 0.00 255 249 0.98 0.01 0.00 0.00 0.00 0.00 0.00 0.00 normal.
0 tcp http SF 229 258 0 0 0 0 0 1 0 0 0 0 0 0 0 0 0 0 2 2 0.00 0.00 0.00 0.00 1.00 0.00 0.00 255 249 0.98 0.01 0.00 0.00 0.00 0.00 0.00 0.00 normal.
0 tcp http SF 203 8186 0 0 0 0 0 1 0 0 0 0 0 0 0 0 0 0 1 1 0.00 0.00 0.00 0.00 1.00 0.00 0.00 255 249 0.98 0.01 0.00 0.00 0.00 0.00 0.00 0.00 normal.
0 tcp smtp SF 10554 922 0 0 0 0 0 1 0 0 0 0 0 0 0 0 0 0 1 1 0.00 0.00 0.00 0.00 1.00 0.00 0.00 255 5 0.02 0.01 0.00 0.00 0.00 0.00 0.00 0.00 normal.
0 tcp http SF 231 2507 0 0 0 0 0 1 0 0 0 0 0 0 0 0 0 0 9 9 0.00 0.00 0.00 0.00 1.00 0.00 0.00 255 247 0.97 0.01 0.00 0.00 0.00 0.00 0.00 0.00 normal.
0 tcp http SF 230 2239 0 0 0 0 0 1 0 0 0 0 0 0 0 0 0 0 4 4 0.00 0.00 0.00 0.00 1.00 0.00 0.00 255 247 0.97 0.01 0.00 0.00 0.00 0.00 0.00 0.00 normal.