0.000000  1 5 1 2457.000000  494.000000  0.000000  0.000000  0.000000  0.000000  0.000000  1.000000  0.000000  0.000000  0.000000  0.000000  0.000000  0.000000  0.000000  0.000000  0.000000  0.000000  1.000000  2.000000  0.000000  0.000000  0.000000  0.000000  1.000000  0.000000  1.000000  52.000000  243.000000  0.960000  0.040000  0.020000  0.010000  0.000000  0.000000  0.000000  0.000000  0 
0.000000  1 5 1 1089.000000  492.000000  0.000000  0.000000  0.000000  0.000000  0.000000  1.000000  0.000000  0.000000  0.000000  0.000000  0.000000  0.000000  0.000000  0.000000  0.000000  0.000000  1.000000  3.000000  0.000000  0.000000  0.000000  0.000000  1.000000  0.000000  1.000000  62.000000  242.000000  0.950000  0.030000  0.020000  0.010000  0.000000  0.000000  0.000000  0.000000  0 
0.000000  1 5 1 1204.000000  499.000000  0.000000  0.000000  0.000000  0.000000  0.000000  1.000000  0.000000  0.000000  0.000000  0.000000  0.000000  0.000000  0.000000  0.000000  0.000000  0.000000  1.000000  1.000000  0.000000  0.000000  0.000000  0.000000  1.000000  0.000000  0.000000  72.000000  242.000000  0.940000  0.040000  0.010000  0.010000  0.000000  0.000000  0.000000  0.000000  0 
0.000000  2 2 1 28.000000  0.000000  0.000000  1.000000  0.000000  0.000000  0.000000  0.000000  0.000000  0.000000  0.000000  0.000000  0.000000  0.000000  0.000000  0.000000  0.000000  0.000000  1.000000  1.000000  0.000000  0.000000  0.000000  0.000000  1.000000  0.000000  0.000000  73.000000  1.000000  0.010000  0.050000  0.010000  0.000000  0.000000  0.000000  0.000000  0.000000  1 
0.000000  2 2 1 28.000000  0.000000  0.000000  3.000000  0.000000  0.000000  0.000000  0.000000  0.000000  0.000000  0.000000  0.000000  0.000000  0.000000  0.000000  0.000000  0.000000  0.000000  2.000000  2.000000  0.000000  0.000000  0.000000  0.000000  1.000000  0.000000  0.000000  74.000000  2.000000  0.030000  0.050000  0.030000  0.000000  0.000000  0.000000  0.000000  0.000000  1 
0.000000  2 2 1 28.000000  0.000000  0.000000  3.000000  0.000000  0.000000  0.000000  0.000000  0.000000  0.000000  0.000000  0.000000  0.000000  0.000000  0.000000  0.000000  0.000000  0.000000  3.000000  3.000000  0.000000  0.000000  0.000000  0.000000  1.000000  0.000000  0.000000  75.000000  3.000000  0.040000  0.050000  0.040000  0.000000  0.000000  0.000000  0.000000  0.000000  1 
0.000000  2 2 1 28.000000  0.000000  0.000000  3.000000  0.000000  0.000000  0.000000  0.000000  0.000000  0.000000  0.000000  0.000000  0.000000  0.000000  0.000000  0.000000  0.000000  0.000000  4.000000  4.000000  0.000000  0.000000  0.000000  0.000000  1.000000  0.000000  0.000000  76.000000  4.000000  0.050000  0.050000  0.050000  0.000000  0.000000  0.000000  0.000000  0.000000  1 
0.000000  2 2 1 28.000000  0.000000  0.000000  3.000000  0.000000  0.000000  0.000000  0.000000  0.000000  0.000000  0.000000  0.000000  0.000000  0.000000  0.000000  0.000000  0.000000  0.000000  5.000000  5.000000  0.000000  0.000000  0.000000  0.000000  1.000000  0.000000  0.000000  77.000000  5.000000  0.060000  0.050000  0.060000  0.000000  0.000000  0.000000  0.000000  0.000000  1 
0.000000  2 2 1 28.000000  0.000000  0.000000  3.000000  0.000000  0.000000  0.000000  0.000000  0.000000  0.000000  0.000000  0.000000  0.000000  0.000000  0.000000  0.000000  0.000000  0.000000  6.000000  6.000000  0.000000  0.000000  0.000000  0.000000  1.000000  0.000000  0.000000  78.000000  6.000000  0.080000  0.050000  0.080000  0.000000  0.000000  0.000000  0.000000  0.000000  1 
0.000000  2 2 1 28.000000  0.000000  0.000000  3.000000  0.000000  0.000000  0.000000  0.000000  0.000000  0.000000  0.000000  0.000000  0.000000  0.000000  0.000000  0.000000  0.000000  0.000000  7.000000  7.000000  0.000000  0.000000  0.000000  0.000000  1.000000  0.000000  0.000000  79.000000  7.000000  0.090000  0.050000  0.090000  0.000000  0.000000  0.000000  0.000000  0.000000  1 
0.000000  2 2 1 28.000000  0.000000  0.000000  3.000000  0.000000  0.000000  0.000000  0.000000  0.000000  0.000000  0.000000  0.000000  0.000000  0.000000  0.000000  0.000000  0.000000  0.000000  8.000000  8.000000  0.000000  0.000000  0.000000  0.000000  1.000000  0.000000  0.000000  80.000000  8.000000  0.100000  0.050000  0.100000  0.000000  0.000000  0.000000  0.000000  0.000000  1 
0.000000  2 2 1 28.000000  0.000000  0.000000  3.000000  0.000000  0.000000  0.000000  0.000000  0.000000  0.000000  0.000000  0.000000  0.000000  0.000000  0.000000  0.000000  0.000000  0.000000  9.000000  9.000000  0.000000  0.000000  0.000000  0.000000  1.000000  0.000000  0.000000  81.000000  9.000000  0.110000  0.050000  0.110000  0.000000  0.000000  0.000000  0.000000  0.000000  1 
0.000000  2 2 1 28.000000  0.000000  0.000000  3.000000  0.000000  0.000000  0.000000  0.000000  0.000000  0.000000  0.000000  0.000000  0.000000  0.000000  0.000000  0.000000  0.000000  0.000000  10.000000  10.000000  0.000000  0.000000  0.000000  0.000000  1.000000  0.000000  0.000000  82.000000  10.000000  0.120000  0.050000  0.120000  0.000000  0.000000  0.000000  0.000000  0.000000  1 
0.000000  2 2 1 28.000000  0.000000  0.000000  3.000000  0.000000  0.000000  0.000000  0.000000  0.000000  0.000000  0.000000  0.000000  0.000000  0.000000  0.000000  0.000000  0.000000  0.000000  11.000000  11.000000  0.000000  0.000000  0.000000  0.000000  1.000000  0.000000  0.000000  83.000000  11.000000  0.130000  0.050000  0.130000  0.000000  0.000000  0.000000  0.000000  0.000000  1 
0.000000  2 2 1 28.000000  0.000000  0.000000  3.000000  0.000000  0.000000  0.000000  0.000000  0.000000  0.000000  0.000000  0.000000  0.000000  0.000000  0.000000  0.000000  0.000000  0.000000  12.000000  12.000000  0.000000  0.000000  0.000000  0.000000  1.000000  0.000000  0.000000  84.000000  12.000000  0.140000  0.050000  0.140000  0.000000  0.000000  0.000000  0.000000  0.000000  1 
0.000000  2 2 1 28.000000  0.000000  0.000000  3.000000  0.000000  0.000000  0.000000  0.000000  0.000000  0.000000  0.000000  0.000000  0.000000  0.000000  0.000000  0.000000  0.000000  0.000000  13.000000  13.000000  0.000000  0.000000  0.000000  0.000000  1.000000  0.000000  0.000000  85.000000  13.000000  0.150000  0.050000  0.150000  0.000000  0.000000  0.000000  0.000000  0.000000  1 
0.000000  2 2 1 28.000000  0.000000  0.000000  3.000000  0.000000  0.000000  0.000000  0.000000  0.000000  0.000000  0.000000  0.000000  0.000000  0.000000  0.000000  0.000000  0.000000  0.000000  14.000000  14.000000  0.000000  0.000000  0.000000  0.000000  1.000000  0.000000  0.000000  86.000000  14.000000  0.160000  0.050000  0.160000  0.000000  0.000000  0.000000  0.000000  0.000000  1 
143.000000  1 59 1 142.000000  324.000000  0.000000  0.000000  0.000000  0.000000  4.000000  0.000000  0.000000  0.000000  0.000000  0.000000  0.000000  0.000000  0.000000  0.000000  0.000000  0.000000  2.000000  1.000000  0.500000  0.000000  0.000000  0.000000  0.500000  1.000000  0.000000  255.000000  30.000000  0.120000  0.380000  0.000000  0.000000  0.380000  0.100000  0.000000  0.030000  0 
0.000000  1 5 1 1917.000000  388.000000  0.000000  0.000000  0.000000  0.000000  0.000000  1.000000  0.000000  0.000000  0.000000  0.000000  0.000000  0.000000  0.000000  0.000000  0.000000  0.000000  1.000000  1.000000  0.000000  0.000000  0.000000  0.000000  1.000000  0.000000  0.000000  255.000000  76.000000  0.300000  0.340000  0.000000  0.000000  0.340000  0.000000  0.000000  0.000000  0 
0.000000  1 5 1 1210.000000  386.000000  0.000000  0.000000  0.000000  0.000000  0.000000  1.000000  0.000000  0.000000  0.000000  0.000000  0.000000  0.000000  0.000000  0.000000  0.000000  0.000000  1.000000  4.000000  0.000000  0.000000  0.000000  0.000000  1.000000  0.000000  0.750000  255.000000  84.000000  0.330000  0.300000  0.000000  0.000000  0.300000  0.000000  0.000000  0.000000  0 
0.000000  1 5 1 5143.000000  540.000000  0.000000  0.000000  0.000000  0.000000  0.000000  1.000000  0.000000  0.000000  0.000000  0.000000  0.000000  0.000000  0.000000  0.000000  0.000000  0.000000  1.000000  2.000000  0.000000  0.000000  0.000000  0.000000  1.000000  0.000000  1.000000  255.000000  93.000000  0.360000  0.260000  0.000000  0.000000  0.260000  0.000000  0.000000  0.000000  0 
0.000000  1 5 1 1791.000000  440.000000  0.000000  0.000000  0.000000  0.000000  0.000000  1.000000  0.000000  0.000000  0.000000  0.000000  0.000000  0.000000  0.000000  0.000000  0.000000  0.000000  1.000000  2.000000  0.000000  0.000000  0.000000  0.000000  1.000000  0.000000  1.000000  255.000000  102.000000  0.400000  0.220000  0.000000  0.000000  0.220000  0.000000  0.000000  0.000000  0 
0.000000  3 1 1 1032.000000  0.000000  0.000000  0.000000  0.000000  0.000000  0.000000  0.000000  0.000000  0.000000  0.000000  0.000000  0.000000  0.000000  0.000000  0.000000  0.000000  0.000000  511.000000  511.000000  0.000000  0.000000  0.000000  0.000000  1.000000  0.000000  0.000000  255.000000  9.000000  0.040000  0.190000  0.040000  0.000000  0.180000  0.000000  0.000000  0.000000  1 
0.000000  3 1 1 1032.000000  0.000000  0.000000  0.000000  0.000000  0.000000  0.000000  0.000000  0.000000  0.000000  0.000000  0.000000  0.000000  0.000000  0.000000  0.000000  0.000000  0.000000  511.000000  511.000000  0.000000  0.000000  0.000000  0.000000  1.000000  0.000000  0.000000  255.000000  19.000000  0.070000  0.150000  0.070000  0.000000  0.150000  0.000000  0.000000  0.000000  1 
0.000000  3 1 1 1032.000000  0.000000  0.000000  0.000000  0.000000  0.000000  0.000000  0.000000  0.000000  0.000000  0.000000  0.000000  0.000000  0.000000  0.000000  0.000000  0.000000  0.000000  511.000000  511.000000  0.000000  0.000000  0.000000  0.000000  1.000000  0.000000  0.000000  255.000000  29.000000  0.110000  0.110000  0.110000  0.000000  0.110000  0.000000  0.000000  0.000000  1 
0.000000  3 1 1 1032.000000  0.000000  0.000000  0.000000  0.000000  0.000000  0.000000  0.000000  0.000000  0.000000  0.000000  0.000000  0.000000  0.000000  0.000000  0.000000  0.000000  0.000000  511.000000  511.000000  0.000000  0.000000  0.000000  0.000000  1.000000  0.000000  0.000000  255.000000  39.000000  0.150000  0.070000  0.150000  0.000000  0.070000  0.000000  0.000000  0.000000  1 
0.000000  3 1 1 1032.000000  0.000000  0.000000  0.000000  0.000000  0.000000  0.000000  0.000000  0.000000  0.000000  0.000000  0.000000  0.000000  0.000000  0.000000  0.000000  0.000000  0.000000  511.000000  511.000000  0.000000  0.000000  0.000000  0.000000  1.000000  0.000000  0.000000  255.000000  49.000000  0.190000  0.030000  0.190000  0.000000  0.030000  0.000000  0.000000  0.000000  1 
0.000000  3 1 1 1032.000000  0.000000  0.000000  0.000000  0.000000  0.000000  0.000000  0.000000  0.000000  0.000000  0.000000  0.000000  0.000000  0.000000  0.000000  0.000000  0.000000  0.000000  511.000000  511.000000  0.000000  0.000000  0.000000  0.000000  1.000000  0.000000  0.000000  255.000000  59.000000  0.230000  0.020000  0.230000  0.000000  0.020000  0.000000  0.000000  0.000000  1 
0.000000  3 1 1 1032.000000  0.000000  0.000000  0.000000  0.000000  0.000000  0.000000  0.000000  0.000000  0.000000  0.000000  0.000000  0.000000  0.000000  0.000000  0.000000  0.000000  0.000000  511.000000  511.000000  0.000000  0.000000  0.000000  0.000000  1.000000  0.000000  0.000000  255.000000  69.000000  0.270000  0.020000  0.270000  0.000000  0.020000  0.000000  0.000000  0.000000  1 
0.000000  3 1 1 1032.000000  0.000000  0.000000  0.000000  0.000000  0.000000  0.000000  0.000000  0.000000  0.000000  0.000000  0.000000  0.000000  0.000000  0.000000  0.000000  0.000000  0.000000  511.000000  511.000000  0.000000  0.000000  0.000000  0.000000  1.000000  0.000000  0.000000  255.000000  79.000000  0.310000  0.020000  0.310000  0.000000  0.020000  0.000000  0.000000  0.000000  1 
0.000000  3 1 1 1032.000000  0.000000  0.000000  0.000000  0.000000  0.000000  0.000000  0.000000  0.000000  0.000000  0.000000  0.000000  0.000000  0.000000  0.000000  0.000000  0.000000  0.000000  511.000000  511.000000  0.000000  0.000000  0.000000  0.000000  1.000000  0.000000  0.000000  255.000000  89.000000  0.350000  0.020000  0.350000  0.000000  0.020000  0.000000  0.000000  0.000000  1 
0.000000  3 1 1 1032.000000  0.000000  0.000000  0.000000  0.000000  0.000000  0.000000  0.000000  0.000000  0.000000  0.000000  0.000000  0.000000  0.000000  0.000000  0.000000  0.000000  0.000000  511.000000  511.000000  0.000000  0.000000  0.000000  0.000000  1.000000  0.000000  0.000000  255.000000  99.000000  0.390000  0.020000  0.390000  0.000000  0.020000  0.000000  0.000000  0.000000  1 
0.000000  3 1 1 1032.000000  0.000000  0.000000  0.000000  0.000000  0.000000  0.000000  0.000000  0.000000  0.000000  0.000000  0.000000  0.000000  0.000000  0.000000  0.000000  0.000000  0.000000  511.000000  511.000000  0.000000  0.000000  0.000000  0.000000  1.000000  0.000000  0.000000  255.000000  109.000000  0.430000  0.020000  0.430000  0.000000  0.020000  0.000000  0.000000  0.000000  1 
0.000000  3 1 1 1032.000000  0.000000  0.000000  0.000000  0.000000  0.000000  0.000000  0.000000  0.000000  0.000000  0.000000  0.000000  0.000000  0.000000  0.000000  0.000000  0.000000  0.000000  511.000000  511.000000  0.000000  0.000000  0.000000  0.000000  1.000000  0.000000  0.000000  255.000000  119.000000  0.470000  0.020000  0.470000  0.000000  0.020000  0.000000  0.000000  0.000000  1 
0.000000  3 1 1 1032.000000  0.000000  0.000000  0.000000  0.000000  0.000000  0.000000  0.000000  0.000000  0.000000  0.000000  0.000000  0.000000  0.000000  0.000000  0.000000  0.000000  0.000000  511.000000  511.000000  0.000000  0.000000  0.000000  0.000000  1.000000  0.000000  0.000000  255.000000  129.000000  0.510000  0.020000  0.510000  0.000000  0.020000  0.000000  0.000000  0.000000  1 
0.000000  3 1 1 1032.000000  0.000000  0.000000  0.000000  0.000000  0.000000  0.000000  0.000000  0.000000  0.000000  0.000000  0.000000  0.000000  0.000000  0.000000  0.000000  0.000000  0.000000  511.000000  511.000000  0.000000  0.000000  0.000000  0.000000  1.000000  0.000000  0.000000  255.000000  139.000000  0.550000  0.020000  0.550000  0.000000  0.010000  0.000000  0.000000  0.000000  1 
0.000000  3 1 1 1032.000000  0.000000  0.000000  0.000000  0.000000  0.000000  0.000000  0.000000  0.000000  0.000000  0.000000  0.000000  0.000000  0.000000  0.000000  0.000000  0.000000  0.000000  511.000000  511.000000  0.000000  0.000000  0.000000  0.000000  1.000000  0.000000  0.000000  255.000000  149.000000  0.580000  0.020000  0.580000  0.000000  0.010000  0.000000  0.000000  0.000000  1 
0.000000  3 1 1 1032.000000  0.000000  0.000000  0.000000  0.000000  0.000000  0.000000  0.000000  0.000000  0.000000  0.000000  0.000000  0.000000  0.000000  0.000000  0.000000  0.000000  0.000000  511.000000  511.000000  0.000000  0.000000  0.000000  0.000000  1.000000  0.000000  0.000000  255.000000  159.000000  0.620000  0.020000  0.620000  0.000000  0.000000  0.000000  0.000000  0.000000  1 
0.000000  3 1 1 1032.000000  0.000000  0.000000  0.000000  0.000000  0.000000  0.000000  0.000000  0.000000  0.000000  0.000000  0.000000  0.000000  0.000000  0.000000  0.000000  0.000000  0.000000  511.000000  511.000000  0.000000  0.000000  0.000000  0.000000  1.000000  0.000000  0.000000  255.000000  169.000000  0.660000  0.020000  0.660000  0.000000  0.000000  0.000000  0.000000  0.000000  1 
0.000000  1 4 1 68119.000000  0.000000  0.000000  0.000000  0.000000  0.000000  0.000000  1.000000  0.000000  0.000000  0.000000  0.000000  0.000000  0.000000  0.000000  0.000000  0.000000  0.000000  1.000000  1.000000  0.000000  0.000000  0.000000  0.000000  1.000000  0.000000  0.000000  213.000000  75.000000  0.350000  0.020000  0.350000  0.030000  0.000000  0.000000  0.010000  0.000000  0 
0.000000  1 4 1 491.000000  0.000000  0.000000  0.000000  0.000000  0.000000  0.000000  1.000000  0.000000  0.000000  0.000000  5.000000  0.000000  0.000000  0.000000  0.000000  0.000000  0.000000  2.000000  2.000000  0.000000  0.000000  0.000000  0.000000  1.000000  0.000000  0.000000  223.000000  76.000000  0.340000  0.020000  0.340000  0.000000  0.000000  0.000000  0.010000  0.000000  0 
15.000000  1 5 1 1855.000000  335.000000  0.000000  0.000000  0.000000  0.000000  0.000000  1.000000  0.000000  0.000000  0.000000  0.000000  0.000000  0.000000  0.000000  0.000000  0.000000  0.000000  1.000000  1.000000  0.000000  0.000000  0.000000  0.000000  1.000000  0.000000  0.000000  233.000000  143.000000  0.610000  0.020000  0.000000  0.000000  0.000000  0.000000  0.010000  0.010000  0 
0.000000  1 2 4 0.000000  0.000000  0.000000  0.000000  0.000000  0.000000  0.000000  0.000000  0.000000  0.000000  0.000000  0.000000  0.000000  0.000000  0.000000  0.000000  0.000000  0.000000  63.000000  1.000000  1.000000  1.000000  0.000000  0.000000  0.020000  0.080000  0.000000  1.000000  1.000000  1.000000  0.000000  1.000000  0.000000  1.000000  1.000000  0.000000  0.000000  1 
0.000000  1 2 4 0.000000  0.000000  0.000000  0.000000  0.000000  0.000000  0.000000  0.000000  0.000000  0.000000  0.000000  0.000000  0.000000  0.000000  0.000000  0.000000  0.000000  0.000000  110.000000  8.000000  1.000000  1.000000  0.000000  0.000000  0.070000  0.060000  0.000000  11.000000  8.000000  0.730000  0.270000  0.090000  0.000000  1.000000  1.000000  0.000000  0.000000  1 
0.000000  1 2 4 0.000000  0.000000  0.000000  0.000000  0.000000  0.000000  0.000000  0.000000  0.000000  0.000000  0.000000  0.000000  0.000000  0.000000  0.000000  0.000000  0.000000  0.000000  119.000000  17.000000  1.000000  1.000000  0.000000  0.000000  0.140000  0.060000  0.000000  21.000000  17.000000  0.810000  0.140000  0.050000  0.000000  1.000000  1.000000  0.000000  0.000000  1 
0.000000  1 2 4 0.000000  0.000000  0.000000  0.000000  0.000000  0.000000  0.000000  0.000000  0.000000  0.000000  0.000000  0.000000  0.000000  0.000000  0.000000  0.000000  0.000000  0.000000  128.000000  6.000000  1.000000  1.000000  0.000000  0.000000  0.050000  0.060000  0.000000  31.000000  6.000000  0.190000  0.130000  0.030000  0.000000  1.000000  1.000000  0.000000  0.000000  1 
0.000000  1 2 4 0.000000  0.000000  0.000000  0.000000  0.000000  0.000000  0.000000  0.000000  0.000000  0.000000  0.000000  0.000000  0.000000  0.000000  0.000000  0.000000  0.000000  0.000000  138.000000  16.000000  1.000000  1.000000  0.000000  0.000000  0.120000  0.060000  0.000000  41.000000  16.000000  0.390000  0.100000  0.020000  0.000000  1.000000  1.000000  0.000000  0.000000  1 
0.000000  1 2 4 0.000000  0.000000  0.000000  0.000000  0.000000  0.000000  0.000000  0.000000  0.000000  0.000000  0.000000  0.000000  0.000000  0.000000  0.000000  0.000000  0.000000  0.000000  105.000000  6.000000  1.000000  1.000000  0.000000  0.000000  0.060000  0.060000  0.000000  51.000000  5.000000  0.100000  0.100000  0.020000  0.000000  1.000000  1.000000  0.000000  0.000000  1 
0.000000  1 2 4 0.000000  0.000000  0.000000  0.000000  0.000000  0.000000  0.000000  0.000000  0.000000  0.000000  0.000000  0.000000  0.000000  0.000000  0.000000  0.000000  0.000000  0.000000  114.000000  14.000000  1.000000  1.000000  0.000000  0.000000  0.120000  0.060000  0.000000  61.000000  13.000000  0.210000  0.100000  0.020000  0.000000  1.000000  1.000000  0.000000  0.000000  1 
0.000000  1 2 4 0.000000  0.000000  0.000000  0.000000  0.000000  0.000000  0.000000  0.000000  0.000000  0.000000  0.000000  0.000000  0.000000  0.000000  0.000000  0.000000  0.000000  0.000000  123.000000  3.000000  1.000000  1.000000  0.000000  0.000000  0.020000  0.070000  0.000000  71.000000  3.000000  0.040000  0.100000  0.010000  0.000000  1.000000  1.000000  0.000000  0.000000  1 
0.000000  1 2 4 0.000000  0.000000  0.000000  0.000000  0.000000  0.000000  0.000000  0.000000  0.000000  0.000000  0.000000  0.000000  0.000000  0.000000  0.000000  0.000000  0.000000  0.000000  132.000000  12.000000  1.000000  1.000000  0.000000  0.000000  0.090000  0.060000  0.000000  81.000000  12.000000  0.150000  0.090000  0.010000  0.000000  1.000000  1.000000  0.000000  0.000000  1 
0.000000  1 2 4 0.000000  0.000000  0.000000  0.000000  0.000000  0.000000  0.000000  0.000000  0.000000  0.000000  0.000000  0.000000  0.000000  0.000000  0.000000  0.000000  0.000000  0.000000  141.000000  2.000000  1.000000  1.000000  0.000000  0.000000  0.010000  0.060000  0.000000  91.000000  2.000000  0.020000  0.080000  0.010000  0.000000  1.000000  1.000000  0.000000  0.000000  1 
0.000000  1 2 4 0.000000  0.000000  0.000000  0.000000  0.000000  0.000000  0.000000  0.000000  0.000000  0.000000  0.000000  0.000000  0.000000  0.000000  0.000000  0.000000  0.000000  0.000000  150.000000  11.000000  1.000000  1.000000  0.000000  0.000000  0.070000  0.050000  0.000000  101.000000  11.000000  0.110000  0.070000  0.010000  0.000000  1.000000  1.000000  0.000000  0.000000  1 
0.000000  1 2 4 0.000000  0.000000  0.000000  0.000000  0.000000  0.000000  0.000000  0.000000  0.000000  0.000000  0.000000  0.000000  0.000000  0.000000  0.000000  0.000000  0.000000  0.000000  109.000000  19.000000  1.000000  1.000000  0.000000  0.000000  0.170000  0.060000  0.000000  111.000000  19.000000  0.170000  0.070000  0.010000  0.000000  1.000000  1.000000  0.000000  0.000000  1 
0.000000  1 2 4 0.000000  0.000000  0.000000  0.000000  0.000000  0.000000  0.000000  0.000000  0.000000  0.000000  0.000000  0.000000  0.000000  0.000000  0.000000  0.000000  0.000000  0.000000  119.000000  10.000000  1.000000  1.000000  0.000000  0.000000  0.080000  0.060000  0.000000  121.000000  10.000000  0.080000  0.070000  0.010000  0.000000  1.000000  1.000000  0.000000  0.000000  1 
0.000000  1 2 4 0.000000  0.000000  0.000000  0.000000  0.000000  0.000000  0.000000  0.000000  0.000000  0.000000  0.000000  0.000000  0.000000  0.000000  0.000000  0.000000  0.000000  0.000000  128.000000  18.000000  1.000000  1.000000  0.000000  0.000000  0.140000  0.060000  0.000000  131.000000  18.000000  0.140000  0.070000  0.010000  0.000000  1.000000  1.000000  0.000000  0.000000  1 
0.000000  1 2 4 0.000000  0.000000  0.000000  0.000000  0.000000  0.000000  0.000000  0.000000  0.000000  0.000000  0.000000  0.000000  0.000000  0.000000  0.000000  0.000000  0.000000  0.000000  74.000000  12.000000  1.000000  1.000000  0.000000  0.000000  0.160000  0.070000  0.000000  141.000000  12.000000  0.090000  0.060000  0.010000  0.000000  1.000000  1.000000  0.000000  0.000000  1 
0.000000  1 2 4 0.000000  0.000000  0.000000  0.000000  0.000000  0.000000  0.000000  0.000000  0.000000  0.000000  0.000000  0.000000  0.000000  0.000000  0.000000  0.000000  0.000000  0.000000  97.000000  14.000000  1.000000  1.000000  0.000000  0.000000  0.140000  0.060000  0.000000  151.000000  14.000000  0.090000  0.070000  0.010000  0.000000  1.000000  1.000000  0.000000  0.000000  1 
8.000000  1 3 1 54540.000000  8314.000000  0.000000  0.000000  0.000000  2.000000  0.000000  1.000000  1.000000  0.000000  0.000000  0.000000  0.000000  0.000000  0.000000  0.000000  0.000000  0.000000  5.000000  5.000000  0.000000  0.000000  0.600000  0.600000  1.000000  0.000000  0.000000  7.000000  7.000000  1.000000  0.000000  0.140000  0.000000  0.000000  0.000000  0.710000  0.710000  1 
9.000000  1 3 1 54540.000000  8314.000000  0.000000  0.000000  0.000000  2.000000  0.000000  1.000000  1.000000  0.000000  0.000000  0.000000  0.000000  0.000000  0.000000  0.000000  0.000000  0.000000  5.000000  5.000000  0.000000  0.000000  0.400000  0.400000  1.000000  0.000000  0.000000  8.000000  8.000000  1.000000  0.000000  0.120000  0.000000  0.000000  0.000000  0.620000  0.620000  1 
8.000000  1 3 1 54540.000000  8314.000000  0.000000  0.000000  0.000000  2.000000  0.000000  1.000000  1.000000  0.000000  0.000000  0.000000  0.000000  0.000000  0.000000  0.000000  0.000000  0.000000  4.000000  4.000000  0.000000  0.000000  0.000000  0.000000  1.000000  0.000000  0.000000  9.000000  9.000000  1.000000  0.000000  0.110000  0.000000  0.000000  0.000000  0.560000  0.560000  1 
7.000000  1 3 1 54540.000000  8314.000000  0.000000  0.000000  0.000000  2.000000  0.000000  1.000000  1.000000  0.000000  0.000000  0.000000  0.000000  0.000000  0.000000  0.000000  0.000000  0.000000  3.000000  3.000000  0.000000  0.000000  0.000000  0.000000  1.000000  0.000000  0.000000  10.000000  10.000000  1.000000  0.000000  0.100000  0.000000  0.000000  0.000000  0.500000  0.500000  1 
6.000000  1 3 1 54540.000000  8314.000000  0.000000  0.000000  0.000000  2.000000  0.000000  1.000000  1.000000  0.000000  0.000000  0.000000  0.000000  0.000000  0.000000  0.000000  0.000000  0.000000  3.000000  3.000000  0.000000  0.000000  0.000000  0.000000  1.000000  0.000000  0.000000  11.000000  11.000000  1.000000  0.000000  0.090000  0.000000  0.000000  0.000000  0.450000  0.450000  1 
6.000000  1 3 1 54540.000000  8314.000000  0.000000  0.000000  0.000000  2.000000  0.000000  1.000000  1.000000  0.000000  0.000000  0.000000  0.000000  0.000000  0.000000  0.000000  0.000000  0.000000  4.000000  4.000000  0.000000  0.000000  0.000000  0.000000  1.000000  0.000000  0.000000  12.000000  12.000000  1.000000  0.000000  0.080000  0.000000  0.000000  0.000000  0.420000  0.420000  1 
5.000000  1 3 1 54540.000000  8314.000000  0.000000  0.000000  0.000000  2.000000  0.000000  1.000000  1.000000  0.000000  0.000000  0.000000  0.000000  0.000000  0.000000  0.000000  0.000000  0.000000  4.000000  4.000000  0.000000  0.000000  0.000000  0.000000  1.000000  0.000000  0.000000  13.000000  13.000000  1.000000  0.000000  0.080000  0.000000  0.000000  0.000000  0.380000  0.380000  1 
2.000000  1 3 2 18980.000000  4380.000000  0.000000  0.000000  0.000000  1.000000  0.000000  1.000000  0.000000  0.000000  0.000000  0.000000  0.000000  0.000000  0.000000  0.000000  0.000000  0.000000  4.000000  4.000000  0.000000  0.000000  0.250000  0.250000  1.000000  0.000000  0.000000  14.000000  14.000000  1.000000  0.000000  0.070000  0.000000  0.000000  0.000000  0.430000  0.430000  1 
1.000000  1 3 2 45260.000000  4380.000000  0.000000  0.000000  0.000000  1.000000  0.000000  1.000000  0.000000  0.000000  0.000000  0.000000  0.000000  0.000000  0.000000  0.000000  0.000000  0.000000  3.000000  3.000000  0.000000  0.000000  0.670000  0.670000  1.000000  0.000000  0.000000  15.000000  15.000000  1.000000  0.000000  0.070000  0.000000  0.000000  0.000000  0.470000  0.470000  1 
12.000000  1 3 2 33580.000000  1460.000000  0.000000  0.000000  0.000000  1.000000  0.000000  1.000000  0.000000  0.000000  0.000000  0.000000  0.000000  0.000000  0.000000  0.000000  0.000000  0.000000  3.000000  3.000000  0.000000  0.000000  1.000000  1.000000  1.000000  0.000000  0.000000  16.000000  16.000000  1.000000  0.000000  0.060000  0.000000  0.000000  0.000000  0.500000  0.500000  1 
13.000000  1 3 1 54540.000000  8314.000000  0.000000  0.000000  0.000000  2.000000  0.000000  1.000000  1.000000  0.000000  0.000000  0.000000  0.000000  0.000000  0.000000  0.000000  0.000000  0.000000  3.000000  3.000000  0.000000  0.000000  0.670000  0.670000  1.000000  0.000000  0.000000  17.000000  17.000000  1.000000  0.000000  0.060000  0.000000  0.000000  0.000000  0.470000  0.470000  1 
14.000000  1 3 1 54540.000000  8314.000000  0.000000  0.000000  0.000000  2.000000  0.000000  1.000000  1.000000  0.000000  0.000000  0.000000  0.000000  0.000000  0.000000  0.000000  0.000000  0.000000  4.000000  4.000000  0.000000  0.000000  0.500000  0.500000  1.000000  0.000000  0.000000  18.000000  18.000000  1.000000  0.000000  0.060000  0.000000  0.000000  0.000000  0.440000  0.440000  1 
12.000000  1 3 1 54540.000000  8314.000000  0.000000  0.000000  0.000000  2.000000  0.000000  1.000000  1.000000  0.000000  0.000000  0.000000  0.000000  0.000000  0.000000  0.000000  0.000000  0.000000  4.000000  4.000000  0.000000  0.000000  0.250000  0.250000  1.000000  0.000000  0.000000  19.000000  19.000000  1.000000  0.000000  0.050000  0.000000  0.000000  0.000000  0.420000  0.420000  1 
11.000000  1 3 1 54540.000000  8314.000000  0.000000  0.000000  0.000000  2.000000  0.000000  1.000000  1.000000  0.000000  0.000000  0.000000  0.000000  0.000000  0.000000  0.000000  0.000000  0.000000  4.000000  4.000000  0.000000  0.000000  0.000000  0.000000  1.000000  0.000000  0.000000  20.000000  20.000000  1.000000  0.000000  0.050000  0.000000  0.000000  0.000000  0.400000  0.400000  1 
0.000000  1 3 1 193.000000  12164.000000  0.000000  0.000000  0.000000  0.000000  0.000000  1.000000  0.000000  0.000000  0.000000  0.000000  0.000000  0.000000  0.000000  0.000000  0.000000  0.000000  1.000000  1.000000  0.000000  0.000000  0.000000  0.000000  1.000000  0.000000  0.000000  255.000000  247.000000  0.970000  0.010000  0.000000  0.000000  0.000000  0.000000  0.000000  0.000000  0 
0.000000  1 3 1 229.000000  1075.000000  0.000000  0.000000  0.000000  0.000000  0.000000  1.000000  0.000000  0.000000  0.000000  0.000000  0.000000  0.000000  0.000000  0.000000  0.000000  0.000000  3.000000  3.000000  0.000000  0.000000  0.000000  0.000000  1.000000  0.000000  0.000000  255.000000  247.000000  0.970000  0.010000  0.000000  0.000000  0.000000  0.000000  0.000000  0.000000  0 
0.000000  1 3 1 225.000000  2239.000000  0.000000  0.000000  0.000000  0.000000  0.000000  1.000000  0.000000  0.000000  0.000000  0.000000  0.000000  0.000000  0.000000  0.000000  0.000000  0.000000  6.000000  6.000000  0.000000  0.000000  0.000000  0.000000  1.000000  0.000000  0.000000  255.000000  247.000000  0.970000  0.010000  0.000000  0.000000  0.000000  0.000000  0.000000  0.000000  0 
0.000000  1 3 1 190.000000  1630.000000  0.000000  0.000000  0.000000  0.000000  0.000000  1.000000  0.000000  0.000000  0.000000  0.000000  0.000000  0.000000  0.000000  0.000000  0.000000  0.000000  1.000000  1.000000  0.000000  0.000000  0.000000  0.000000  1.000000  0.000000  0.000000  255.000000  247.000000  0.970000  0.010000  0.000000  0.000000  0.000000  0.000000  0.000000  0.000000  0 
104.000000  1 3 1 247.000000  266.000000  0.000000  0.000000  0.000000  0.000000  0.000000  1.000000  0.000000  0.000000  0.000000  0.000000  0.000000  0.000000  0.000000  0.000000  0.000000  0.000000  4.000000  4.000000  0.000000  0.000000  0.000000  0.000000  1.000000  0.000000  0.000000  255.000000  247.000000  0.970000  0.010000  0.000000  0.000000  0.000000  0.000000  0.000000  0.000000  0 
0.000000  1 3 1 259.000000  279.000000  0.000000  0.000000  0.000000  0.000000  0.000000  1.000000  0.000000  0.000000  0.000000  0.000000  0.000000  0.000000  0.000000  0.000000  0.000000  0.000000  2.000000  12.000000  0.000000  0.000000  0.000000  0.000000  1.000000  0.000000  0.170000  255.000000  247.000000  0.970000  0.010000  0.000000  0.000000  0.000000  0.000000  0.000000  0.000000  0 
0.000000  1 3 1 235.000000  1075.000000  0.000000  0.000000  0.000000  0.000000  0.000000  1.000000  0.000000  0.000000  0.000000  0.000000  0.000000  0.000000  0.000000  0.000000  0.000000  0.000000  7.000000  7.000000  0.000000  0.000000  0.000000  0.000000  1.000000  0.000000  0.000000  255.000000  245.000000  0.960000  0.020000  0.000000  0.000000  0.000000  0.000000  0.000000  0.000000  0 
0.000000  1 3 1 184.000000  1619.000000  0.000000  0.000000  0.000000  0.000000  0.000000  1.000000  0.000000  0.000000  0.000000  0.000000  0.000000  0.000000  0.000000  0.000000  0.000000  0.000000  1.000000  1.000000  0.000000  0.000000  0.000000  0.000000  1.000000  0.000000  0.000000  255.000000  245.000000  0.960000  0.020000  0.000000  0.000000  0.000000  0.000000  0.000000  0.000000  0 
0.000000  1 3 1 177.000000  1332.000000  0.000000  0.000000  0.000000  0.000000  0.000000  1.000000  0.000000  0.000000  0.000000  0.000000  0.000000  0.000000  0.000000  0.000000  0.000000  0.000000  1.000000  1.000000  0.000000  0.000000  0.000000  0.000000  1.000000  0.000000  0.000000  255.000000  245.000000  0.960000  0.020000  0.000000  0.000000  0.000000  0.000000  0.000000  0.000000  0 
0.000000  1 3 1 235.000000  3222.000000  0.000000  0.000000  0.000000  0.000000  0.000000  1.000000  0.000000  0.000000  0.000000  0.000000  0.000000  0.000000  0.000000  0.000000  0.000000  0.000000  2.000000  2.000000  0.000000  0.000000  0.000000  0.000000  1.000000  0.000000  0.000000  255.000000  245.000000  0.960000  0.020000  0.000000  0.000000  0.000000  0.000000  0.000000  0.000000  0 
0.000000  1 3 1 191.000000  13096.000000  0.000000  0.000000  0.000000  0.000000  0.000000  1.000000  0.000000  0.000000  0.000000  0.000000  0.000000  0.000000  0.000000  0.000000  0.000000  0.000000  1.000000  1.000000  0.000000  0.000000  0.000000  0.000000  1.000000  0.000000  0.000000  255.000000  245.000000  0.960000  0.020000  0.000000  0.000000  0.000000  0.000000  0.000000  0.000000  0 
2.000000  1 5 1 1320.000000  673.000000  0.000000  0.000000  0.000000  0.000000  0.000000  1.000000  0.000000  0.000000  0.000000  0.000000  0.000000  0.000000  0.000000  0.000000  0.000000  0.000000  1.000000  3.000000  0.000000  0.000000  0.000000  0.000000  1.000000  0.000000  1.000000  255.000000  9.000000  0.040000  0.020000  0.000000  0.000000  0.000000  0.000000  0.000000  0.000000  0 
0.000000  1 3 1 304.000000  1075.000000  0.000000  0.000000  0.000000  0.000000  0.000000  1.000000  0.000000  0.000000  0.000000  0.000000  0.000000  0.000000  0.000000  0.000000  0.000000  0.000000  5.000000  5.000000  0.000000  0.000000  0.000000  0.000000  1.000000  0.000000  0.000000  255.000000  244.000000  0.960000  0.020000  0.000000  0.000000  0.000000  0.000000  0.000000  0.000000  0 
0.000000  1 3 1 307.000000  2507.000000  0.000000  0.000000  0.000000  0.000000  0.000000  1.000000  0.000000  0.000000  0.000000  0.000000  0.000000  0.000000  0.000000  0.000000  0.000000  0.000000  8.000000  8.000000  0.000000  0.000000  0.000000  0.000000  1.000000  0.000000  0.000000  255.000000  244.000000  0.960000  0.020000  0.000000  0.000000  0.000000  0.000000  0.000000  0.000000  0 
0.000000  3 1 1 1480.000000  0.000000  0.000000  1.000000  0.000000  0.000000  0.000000  0.000000  0.000000  0.000000  0.000000  0.000000  0.000000  0.000000  0.000000  0.000000  0.000000  0.000000  1.000000  1.000000  0.000000  0.000000  0.000000  0.000000  1.000000  0.000000  0.000000  255.000000  1.000000  0.000000  0.020000  0.000000  0.000000  0.000000  0.000000  0.000000  0.000000  1 
0.000000  3 1 1 1480.000000  0.000000  0.000000  1.000000  0.000000  0.000000  0.000000  0.000000  0.000000  0.000000  0.000000  0.000000  0.000000  0.000000  0.000000  0.000000  0.000000  0.000000  2.000000  2.000000  0.000000  0.000000  0.000000  0.000000  1.000000  0.000000  0.000000  255.000000  2.000000  0.010000  0.020000  0.010000  0.000000  0.000000  0.000000  0.000000  0.000000  1 
0.000000  3 1 1 1480.000000  0.000000  0.000000  1.000000  0.000000  0.000000  0.000000  0.000000  0.000000  0.000000  0.000000  0.000000  0.000000  0.000000  0.000000  0.000000  0.000000  0.000000  3.000000  3.000000  0.000000  0.000000  0.000000  0.000000  1.000000  0.000000  0.000000  255.000000  3.000000  0.010000  0.020000  0.010000  0.000000  0.000000  0.000000  0.000000  0.000000  1 
0.000000  3 1 1 1480.000000  0.000000  0.000000  1.000000  0.000000  0.000000  0.000000  0.000000  0.000000  0.000000  0.000000  0.000000  0.000000  0.000000  0.000000  0.000000  0.000000  0.000000  4.000000  4.000000  0.000000  0.000000  0.000000  0.000000  1.000000  0.000000  0.000000  255.000000  4.000000  0.020000  0.020000  0.020000  0.000000  0.000000  0.000000  0.000000  0.000000  1 
0.000000  3 1 1 1480.000000  0.000000  0.000000  1.000000  0.000000  0.000000  0.000000  0.000000  0.000000  0.000000  0.000000  0.000000  0.000000  0.000000  0.000000  0.000000  0.000000  0.000000  5.000000  5.000000  0.000000  0.000000  0.000000  0.000000  1.000000  0.000000  0.000000  255.000000  5.000000  0.020000  0.020000  0.020000  0.000000  0.000000  0.000000  0.000000  0.000000  1 
0.000000  3 1 1 1480.000000  0.000000  0.000000  1.000000  0.000000  0.000000  0.000000  0.000000  0.000000  0.000000  0.000000  0.000000  0.000000  0.000000  0.000000  0.000000  0.000000  0.000000  6.000000  6.000000  0.000000  0.000000  0.000000  0.000000  1.000000  0.000000  0.000000  255.000000  6.000000  0.020000  0.020000  0.020000  0.000000  0.000000  0.000000  0.000000  0.000000  1 
0.000000  3 1 1 1480.000000  0.000000  0.000000  1.000000  0.000000  0.000000  0.000000  0.000000  0.000000  0.000000  0.000000  0.000000  0.000000  0.000000  0.000000  0.000000  0.000000  0.000000  7.000000  7.000000  0.000000  0.000000  0.000000  0.000000  1.000000  0.000000  0.000000  255.000000  7.000000  0.030000  0.020000  0.030000  0.000000  0.000000  0.000000  0.000000  0.000000  1 
0.000000  3 1 1 1480.000000  0.000000  0.000000  1.000000  0.000000  0.000000  0.000000  0.000000  0.000000  0.000000  0.000000  0.000000  0.000000  0.000000  0.000000  0.000000  0.000000  0.000000  8.000000  8.000000  0.000000  0.000000  0.000000  0.000000  1.000000  0.000000  0.000000  255.000000  8.000000  0.030000  0.020000  0.030000  0.000000  0.000000  0.000000  0.000000  0.000000  1 
0.000000  3 1 1 1480.000000  0.000000  0.000000  1.000000  0.000000  0.000000  0.000000  0.000000  0.000000  0.000000  0.000000  0.000000  0.000000  0.000000  0.000000  0.000000  0.000000  0.000000  9.000000  9.000000  0.000000  0.000000  0.000000  0.000000  1.000000  0.000000  0.000000  255.000000  9.000000  0.040000  0.020000  0.040000  0.000000  0.000000  0.000000  0.000000  0.000000  1 
0.000000  1 3 1 230.000000  1075.000000  0.000000  0.000000  0.000000  0.000000  0.000000  1.000000  0.000000  0.000000  0.000000  0.000000  0.000000  0.000000  0.000000  0.000000  0.000000  0.000000  7.000000  7.000000  0.000000  0.000000  0.000000  0.000000  1.000000  0.000000  0.000000  255.000000  249.000000  0.980000  0.010000  0.000000  0.000000  0.000000  0.000000  0.000000  0.000000  0 
0.000000  1 3 1 177.000000  2175.000000  0.000000  0.000000  0.000000  0.000000  0.000000  1.000000  0.000000  0.000000  0.000000  0.000000  0.000000  0.000000  0.000000  0.000000  0.000000  0.000000  1.000000  1.000000  0.000000  0.000000  0.000000  0.000000  1.000000  0.000000  0.000000  255.000000  249.000000  0.980000  0.010000  0.000000  0.000000  0.000000  0.000000  0.000000  0.000000  0 
0.000000  1 3 1 229.000000  258.000000  0.000000  0.000000  0.000000  0.000000  0.000000  1.000000  0.000000  0.000000  0.000000  0.000000  0.000000  0.000000  0.000000  0.000000  0.000000  0.000000  2.000000  2.000000  0.000000  0.000000  0.000000  0.000000  1.000000  0.000000  0.000000  255.000000  249.000000  0.980000  0.010000  0.000000  0.000000  0.000000  0.000000  0.000000  0.000000  0 
0.000000  1 3 1 203.000000  8186.000000  0.000000  0.000000  0.000000  0.000000  0.000000  1.000000  0.000000  0.000000  0.000000  0.000000  0.000000  0.000000  0.000000  0.000000  0.000000  0.000000  1.000000  1.000000  0.000000  0.000000  0.000000  0.000000  1.000000  0.000000  0.000000  255.000000  249.000000  0.980000  0.010000  0.000000  0.000000  0.000000  0.000000  0.000000  0.000000  0 
0.000000  1 5 1 10554.000000  922.000000  0.000000  0.000000  0.000000  0.000000  0.000000  1.000000  0.000000  0.000000  0.000000  0.000000  0.000000  0.000000  0.000000  0.000000  0.000000  0.000000  1.000000  1.000000  0.000000  0.000000  0.000000  0.000000  1.000000  0.000000  0.000000  255.000000  5.000000  0.020000  0.010000  0.000000  0.000000  0.000000  0.000000  0.000000  0.000000  0 
0.000000  1 3 1 231.000000  2507.000000  0.000000  0.000000  0.000000  0.000000  0.000000  1.000000  0.000000  0.000000  0.000000  0.000000  0.000000  0.000000  0.000000  0.000000  0.000000  0.000000  9.000000  9.000000  0.000000  0.000000  0.000000  0.000000  1.000000  0.000000  0.000000  255.000000  247.000000  0.970000  0.010000  0.000000  0.000000  0.000000  0.000000  0.000000  0.000000  0 
0.000000  1 3 1 230.000000  2239.000000  0.000000  0.000000  0.000000  0.000000  0.000000  1.000000  0.000000  0.000000  0.000000  0.000000  0.000000  0.000000  0.000000  0.000000  0.000000  0.000000  4.000000  4.000000  0.000000  0.000000  0.000000  0.000000  1.000000  0.000000  0.000000  255.000000  247.000000  0.970000  0.010000  0.000000  0.000000  0.000000  0.000000  0.000000  0.000000  0 
