 0.000000  2 2 1 28.000000  0.000000  0.000000  3.000000  0.000000  0.000000  0.000000  0.000000  0.000000  0.000000  0.000000  0.000000  0.000000  0.000000  0.000000  0.000000  0.000000  0.000000  14.000000  14.000000  0.000000  0.000000  0.000000  0.000000  1.000000  0.000000  0.000000  86.000000  14.000000  0.160000  0.050000  0.160000  0.000000  0.000000  0.000000  0.000000  0.000000  1 
0.000000  2 2 1 28.000000  0.000000  0.000000  3.000000  0.000000  0.000000  0.000000  0.000000  0.000000  0.000000  0.000000  0.000000  0.000000  0.000000  0.000000  0.000000  0.000000  0.000000  15.000000  15.000000  0.000000  0.000000  0.000000  0.000000  1.000000  0.000000  0.000000  87.000000  15.000000  0.170000  0.050000  0.170000  0.000000  0.000000  0.000000  0.000000  0.000000  1 
0.000000  2 2 1 28.000000  0.000000  0.000000  3.000000  0.000000  0.000000  0.000000  0.000000  0.000000  0.000000  0.000000  0.000000  0.000000  0.000000  0.000000  0.000000  0.000000  0.000000  16.000000  16.000000  0.000000  0.000000  0.000000  0.000000  1.000000  0.000000  0.000000  88.000000  16.000000  0.180000  0.050000  0.180000  0.000000  0.000000  0.000000  0.000000  0.000000  1 
0.000000  2 2 1 28.000000  0.000000  0.000000  3.000000  0.000000  0.000000  0.000000  0.000000  0.000000  0.000000  0.000000  0.000000  0.000000  0.000000  0.000000  0.000000  0.000000  0.000000  17.000000  17.000000  0.000000  0.000000  0.000000  0.000000  1.000000  0.000000  0.000000  89.000000  17.000000  0.190000  0.040000  0.190000  0.000000  0.000000  0.000000  0.000000  0.000000  1 
0.000000  2 2 1 28.000000  0.000000  0.000000  3.000000  0.000000  0.000000  0.000000  0.000000  0.000000  0.000000  0.000000  0.000000  0.000000  0.000000  0.000000  0.000000  0.000000  0.000000  18.000000  18.000000  0.000000  0.000000  0.000000  0.000000  1.000000  0.000000  0.000000  90.000000  18.000000  0.200000  0.040000  0.200000  0.000000  0.000000  0.000000  0.000000  0.000000  1 
0.000000  2 2 1 28.000000  0.000000  0.000000  3.000000  0.000000  0.000000  0.000000  0.000000  0.000000  0.000000  0.000000  0.000000  0.000000  0.000000  0.000000  0.000000  0.000000  0.000000  19.000000  19.000000  0.000000  0.000000  0.000000  0.000000  1.000000  0.000000  0.000000  91.000000  19.000000  0.210000  0.040000  0.210000  0.000000  0.000000  0.000000  0.000000  0.000000  1 
0.000000  2 2 1 28.000000  0.000000  0.000000  3.000000  0.000000  0.000000  0.000000  0.000000  0.000000  0.000000  0.000000  0.000000  0.000000  0.000000  0.000000  0.000000  0.000000  0.000000  20.000000  20.000000  0.000000  0.000000  0.000000  0.000000  1.000000  0.000000  0.000000  92.000000  20.000000  0.220000  0.040000  0.220000  0.000000  0.000000  0.000000  0.000000  0.000000  1 
0.000000  2 2 1 28.000000  0.000000  0.000000  3.000000  0.000000  0.000000  0.000000  0.000000  0.000000  0.000000  0.000000  0.000000  0.000000  0.000000  0.000000  0.000000  0.000000  0.000000  21.000000  21.000000  0.000000  0.000000  0.000000  0.000000  1.000000  0.000000  0.000000  93.000000  21.000000  0.230000  0.040000  0.230000  0.000000  0.000000  0.000000  0.000000  0.000000  1 
0.000000  2 2 1 28.000000  0.000000  0.000000  3.000000  0.000000  0.000000  0.000000  0.000000  0.000000  0.000000  0.000000  0.000000  0.000000  0.000000  0.000000  0.000000  0.000000  0.000000  22.000000  22.000000  0.000000  0.000000  0.000000  0.000000  1.000000  0.000000  0.000000  94.000000  22.000000  0.230000  0.040000  0.230000  0.000000  0.000000  0.000000  0.000000  0.000000  1 
0.000000  2 2 1 28.000000  0.000000  0.000000  3.000000  0.000000  0.000000  0.000000  0.000000  0.000000  0.000000  0.000000  0.000000  0.000000  0.000000  0.000000  0.000000  0.000000  0.000000  23.000000  23.000000  0.000000  0.000000  0.000000  0.000000  1.000000  0.000000  0.000000  95.000000  23.000000  0.240000  0.040000  0.240000  0.000000  0.000000  0.000000  0.000000  0.000000  1 
0.000000  2 2 1 28.000000  0.000000  0.000000  3.000000  0.000000  0.000000  0.000000  0.000000  0.000000  0.000000  0.000000  0.000000  0.000000  0.000000  0.000000  0.000000  0.000000  0.000000  24.000000  24.000000  0.000000  0.000000  0.000000  0.000000  1.000000  0.000000  0.000000  96.000000  24.000000  0.250000  0.040000  0.250000  0.000000  0.000000  0.000000  0.000000  0.000000  1 
0.000000  2 2 1 28.000000  0.000000  0.000000  3.000000  0.000000  0.000000  0.000000  0.000000  0.000000  0.000000  0.000000  0.000000  0.000000  0.000000  0.000000  0.000000  0.000000  0.000000  25.000000  25.000000  0.000000  0.000000  0.000000  0.000000  1.000000  0.000000  0.000000  97.000000  25.000000  0.260000  0.040000  0.260000  0.000000  0.000000  0.000000  0.000000  0.000000  1 
0.000000  2 2 1 28.000000  0.000000  0.000000  3.000000  0.000000  0.000000  0.000000  0.000000  0.000000  0.000000  0.000000  0.000000  0.000000  0.000000  0.000000  0.000000  0.000000  0.000000  26.000000  26.000000  0.000000  0.000000  0.000000  0.000000  1.000000  0.000000  0.000000  98.000000  26.000000  0.270000  0.040000  0.270000  0.000000  0.000000  0.000000  0.000000  0.000000  1 
0.000000  2 2 1 28.000000  0.000000  0.000000  3.000000  0.000000  0.000000  0.000000  0.000000  0.000000  0.000000  0.000000  0.000000  0.000000  0.000000  0.000000  0.000000  0.000000  0.000000  27.000000  27.000000  0.000000  0.000000  0.000000  0.000000  1.000000  0.000000  0.000000  99.000000  27.000000  0.270000  0.040000  0.270000  0.000000  0.000000  0.000000  0.000000  0.000000  1 
0.000000  2 2 1 28.000000  0.000000  0.000000  3.000000  0.000000  0.000000  0.000000  0.000000  0.000000  0.000000  0.000000  0.000000  0.000000  0.000000  0.000000  0.000000  0.000000  0.000000  28.000000  28.000000  0.000000  0.000000  0.000000  0.000000  1.000000  0.000000  0.000000  100.000000  28.000000  0.280000  0.040000  0.280000  0.000000  0.000000  0.000000  0.000000  0.000000  1 
0.000000  2 2 1 28.000000  0.000000  0.000000  3.000000  0.000000  0.000000  0.000000  0.000000  0.000000  0.000000  0.000000  0.000000  0.000000  0.000000  0.000000  0.000000  0.000000  0.000000  29.000000  29.000000  0.000000  0.000000  0.000000  0.000000  1.000000  0.000000  0.000000  101.000000  29.000000  0.290000  0.040000  0.290000  0.000000  0.000000  0.000000  0.000000  0.000000  1 
0.000000  2 2 1 28.000000  0.000000  0.000000  3.000000  0.000000  0.000000  0.000000  0.000000  0.000000  0.000000  0.000000  0.000000  0.000000  0.000000  0.000000  0.000000  0.000000  0.000000  30.000000  30.000000  0.000000  0.000000  0.000000  0.000000  1.000000  0.000000  0.000000  102.000000  30.000000  0.290000  0.040000  0.290000  0.000000  0.000000  0.000000  0.000000  0.000000  1 
0.000000  2 2 1 28.000000  0.000000  0.000000  3.000000  0.000000  0.000000  0.000000  0.000000  0.000000  0.000000  0.000000  0.000000  0.000000  0.000000  0.000000  0.000000  0.000000  0.000000  31.000000  31.000000  0.000000  0.000000  0.000000  0.000000  1.000000  0.000000  0.000000  103.000000  31.000000  0.300000  0.040000  0.300000  0.000000  0.000000  0.000000  0.000000  0.000000  1 
0.000000  2 2 1 28.000000  0.000000  0.000000  3.000000  0.000000  0.000000  0.000000  0.000000  0.000000  0.000000  0.000000  0.000000  0.000000  0.000000  0.000000  0.000000  0.000000  0.000000  32.000000  32.000000  0.000000  0.000000  0.000000  0.000000  1.000000  0.000000  0.000000  104.000000  32.000000  0.310000  0.040000  0.310000  0.000000  0.000000  0.000000  0.000000  0.000000  1 
0.000000  2 2 1 28.000000  0.000000  0.000000  3.000000  0.000000  0.000000  0.000000  0.000000  0.000000  0.000000  0.000000  0.000000  0.000000  0.000000  0.000000  0.000000  0.000000  0.000000  33.000000  33.000000  0.000000  0.000000  0.000000  0.000000  1.000000  0.000000  0.000000  105.000000  33.000000  0.310000  0.040000  0.310000  0.000000  0.000000  0.000000  0.000000  0.000000  1 
0.000000  2 2 1 28.000000  0.000000  0.000000  3.000000  0.000000  0.000000  0.000000  0.000000  0.000000  0.000000  0.000000  0.000000  0.000000  0.000000  0.000000  0.000000  0.000000  0.000000  34.000000  34.000000  0.000000  0.000000  0.000000  0.000000  1.000000  0.000000  0.000000  106.000000  34.000000  0.320000  0.040000  0.320000  0.000000  0.000000  0.000000  0.000000  0.000000  1 
0.000000  2 2 1 28.000000  0.000000  0.000000  3.000000  0.000000  0.000000  0.000000  0.000000  0.000000  0.000000  0.000000  0.000000  0.000000  0.000000  0.000000  0.000000  0.000000  0.000000  35.000000  35.000000  0.000000  0.000000  0.000000  0.000000  1.000000  0.000000  0.000000  107.000000  35.000000  0.330000  0.040000  0.330000  0.000000  0.000000  0.000000  0.000000  0.000000  1 
0.000000  2 2 1 28.000000  0.000000  0.000000  3.000000  0.000000  0.000000  0.000000  0.000000  0.000000  0.000000  0.000000  0.000000  0.000000  0.000000  0.000000  0.000000  0.000000  0.000000  36.000000  36.000000  0.000000  0.000000  0.000000  0.000000  1.000000  0.000000  0.000000  108.000000  36.000000  0.330000  0.040000  0.330000  0.000000  0.000000  0.000000  0.000000  0.000000  1 
0.000000  2 2 1 28.000000  0.000000  0.000000  3.000000  0.000000  0.000000  0.000000  0.000000  0.000000  0.000000  0.000000  0.000000  0.000000  0.000000  0.000000  0.000000  0.000000  0.000000  37.000000  37.000000  0.000000  0.000000  0.000000  0.000000  1.000000  0.000000  0.000000  109.000000  37.000000  0.340000  0.040000  0.340000  0.000000  0.000000  0.000000  0.000000  0.000000  1 
0.000000  2 2 1 28.000000  0.000000  0.000000  3.000000  0.000000  0.000000  0.000000  0.000000  0.000000  0.000000  0.000000  0.000000  0.000000  0.000000  0.000000  0.000000  0.000000  0.000000  38.000000  38.000000  0.000000  0.000000  0.000000  0.000000  1.000000  0.000000  0.000000  110.000000  38.000000  0.350000  0.040000  0.350000  0.000000  0.000000  0.000000  0.000000  0.000000  1 
0.000000  2 2 1 28.000000  0.000000  0.000000  3.000000  0.000000  0.000000  0.000000  0.000000  0.000000  0.000000  0.000000  0.000000  0.000000  0.000000  0.000000  0.000000  0.000000  0.000000  39.000000  39.000000  0.000000  0.000000  0.000000  0.000000  1.000000  0.000000  0.000000  111.000000  39.000000  0.350000  0.040000  0.350000  0.000000  0.000000  0.000000  0.000000  0.000000  1 
0.000000  2 2 1 28.000000  0.000000  0.000000  3.000000  0.000000  0.000000  0.000000  0.000000  0.000000  0.000000  0.000000  0.000000  0.000000  0.000000  0.000000  0.000000  0.000000  0.000000  40.000000  40.000000  0.000000  0.000000  0.000000  0.000000  1.000000  0.000000  0.000000  112.000000  40.000000  0.360000  0.040000  0.360000  0.000000  0.000000  0.000000  0.000000  0.000000  1 
0.000000  2 2 1 28.000000  0.000000  0.000000  3.000000  0.000000  0.000000  0.000000  0.000000  0.000000  0.000000  0.000000  0.000000  0.000000  0.000000  0.000000  0.000000  0.000000  0.000000  41.000000  41.000000  0.000000  0.000000  0.000000  0.000000  1.000000  0.000000  0.000000  113.000000  41.000000  0.360000  0.040000  0.360000  0.000000  0.000000  0.000000  0.000000  0.000000  1 
0.000000  2 2 1 28.000000  0.000000  0.000000  3.000000  0.000000  0.000000  0.000000  0.000000  0.000000  0.000000  0.000000  0.000000  0.000000  0.000000  0.000000  0.000000  0.000000  0.000000  42.000000  42.000000  0.000000  0.000000  0.000000  0.000000  1.000000  0.000000  0.000000  114.000000  42.000000  0.370000  0.040000  0.370000  0.000000  0.000000  0.000000  0.000000  0.000000  1 
0.000000  2 2 1 28.000000  0.000000  0.000000  3.000000  0.000000  0.000000  0.000000  0.000000  0.000000  0.000000  0.000000  0.000000  0.000000  0.000000  0.000000  0.000000  0.000000  0.000000  43.000000  43.000000  0.000000  0.000000  0.000000  0.000000  1.000000  0.000000  0.000000  115.000000  43.000000  0.370000  0.030000  0.370000  0.000000  0.000000  0.000000  0.000000  0.000000  1 
0.000000  2 2 1 28.000000  0.000000  0.000000  3.000000  0.000000  0.000000  0.000000  0.000000  0.000000  0.000000  0.000000  0.000000  0.000000  0.000000  0.000000  0.000000  0.000000  0.000000  44.000000  44.000000  0.000000  0.000000  0.000000  0.000000  1.000000  0.000000  0.000000  116.000000  44.000000  0.380000  0.030000  0.380000  0.000000  0.000000  0.000000  0.000000  0.000000  1 
0.000000  2 2 1 28.000000  0.000000  0.000000  3.000000  0.000000  0.000000  0.000000  0.000000  0.000000  0.000000  0.000000  0.000000  0.000000  0.000000  0.000000  0.000000  0.000000  0.000000  45.000000  45.000000  0.000000  0.000000  0.000000  0.000000  1.000000  0.000000  0.000000  117.000000  45.000000  0.380000  0.030000  0.380000  0.000000  0.000000  0.000000  0.000000  0.000000  1 
1.000000  1 5 1 723.000000  328.000000  0.000000  0.000000  0.000000  0.000000  0.000000  1.000000  0.000000  0.000000  0.000000  0.000000  0.000000  0.000000  0.000000  0.000000  0.000000  0.000000  1.000000  2.000000  0.000000  0.000000  0.000000  0.000000  1.000000  0.000000  1.000000  97.000000  218.000000  0.660000  0.030000  0.010000  0.010000  0.000000  0.000000  0.000000  0.000000  0 
1.000000  1 5 1 2591.000000  398.000000  0.000000  0.000000  0.000000  0.000000  0.000000  1.000000  0.000000  0.000000  0.000000  0.000000  0.000000  0.000000  0.000000  0.000000  0.000000  0.000000  1.000000  2.000000  0.000000  0.000000  0.000000  0.000000  1.000000  0.000000  1.000000  107.000000  215.000000  0.660000  0.030000  0.010000  0.010000  0.000000  0.000000  0.000000  0.000000  0 
1.000000  1 5 1 2329.000000  399.000000  0.000000  0.000000  0.000000  0.000000  0.000000  1.000000  0.000000  0.000000  0.000000  0.000000  0.000000  0.000000  0.000000  0.000000  0.000000  0.000000  1.000000  4.000000  0.000000  0.000000  0.000000  0.000000  1.000000  0.000000  1.000000  117.000000  212.000000  0.670000  0.030000  0.010000  0.010000  0.000000  0.000000  0.000000  0.000000  0 
20.000000  1 21 1 196.000000  644.000000  0.000000  0.000000  0.000000  3.000000  0.000000  1.000000  0.000000  0.000000  0.000000  0.000000  0.000000  0.000000  0.000000  0.000000  0.000000  1.000000  1.000000  1.000000  0.000000  0.000000  0.000000  0.000000  1.000000  0.000000  0.000000  127.000000  39.000000  0.310000  0.020000  0.010000  0.000000  0.000000  0.000000  0.000000  0.000000  0 
1.000000  1 5 1 5209.000000  322.000000  0.000000  0.000000  0.000000  0.000000  0.000000  1.000000  0.000000  0.000000  0.000000  0.000000  0.000000  0.000000  0.000000  0.000000  0.000000  0.000000  1.000000  3.000000  0.000000  0.000000  0.000000  0.000000  1.000000  0.000000  1.000000  137.000000  206.000000  0.660000  0.020000  0.010000  0.010000  0.000000  0.000000  0.000000  0.000000  0 
1.000000  1 5 1 908.000000  327.000000  0.000000  0.000000  0.000000  0.000000  0.000000  1.000000  0.000000  0.000000  0.000000  0.000000  0.000000  0.000000  0.000000  0.000000  0.000000  0.000000  1.000000  3.000000  0.000000  0.000000  0.000000  0.000000  1.000000  0.000000  1.000000  147.000000  204.000000  0.670000  0.020000  0.010000  0.010000  0.000000  0.000000  0.000000  0.000000  0 
1.000000  1 5 1 2342.000000  327.000000  0.000000  0.000000  0.000000  0.000000  0.000000  1.000000  0.000000  0.000000  0.000000  0.000000  0.000000  0.000000  0.000000  0.000000  0.000000  0.000000  1.000000  2.000000  0.000000  0.000000  0.000000  0.000000  1.000000  0.000000  1.000000  157.000000  202.000000  0.680000  0.020000  0.010000  0.010000  0.000000  0.000000  0.000000  0.000000  0 
1.000000  1 5 1 1245.000000  365.000000  0.000000  0.000000  0.000000  0.000000  0.000000  1.000000  0.000000  0.000000  0.000000  0.000000  0.000000  0.000000  0.000000  0.000000  0.000000  0.000000  1.000000  4.000000  0.000000  0.000000  0.000000  0.000000  1.000000  0.000000  1.000000  4.000000  200.000000  1.000000  0.000000  0.250000  0.010000  0.000000  0.000000  0.000000  0.000000  0 
0.000000  1 5 1 1519.000000  327.000000  0.000000  0.000000  0.000000  0.000000  0.000000  1.000000  0.000000  0.000000  0.000000  0.000000  0.000000  0.000000  0.000000  0.000000  0.000000  0.000000  1.000000  3.000000  0.000000  0.000000  0.000000  0.000000  1.000000  0.000000  1.000000  14.000000  200.000000  1.000000  0.000000  0.070000  0.010000  0.000000  0.000000  0.000000  0.000000  0 
0.000000  1 5 1 2117.000000  330.000000  0.000000  0.000000  0.000000  0.000000  0.000000  1.000000  0.000000  0.000000  0.000000  0.000000  0.000000  0.000000  0.000000  0.000000  0.000000  0.000000  1.000000  2.000000  0.000000  0.000000  0.000000  0.000000  1.000000  0.000000  1.000000  24.000000  200.000000  1.000000  0.000000  0.040000  0.010000  0.000000  0.000000  0.000000  0.000000  0 
0.000000  1 5 1 1329.000000  332.000000  0.000000  0.000000  0.000000  0.000000  0.000000  1.000000  0.000000  0.000000  0.000000  0.000000  0.000000  0.000000  0.000000  0.000000  0.000000  0.000000  1.000000  4.000000  0.000000  0.000000  0.000000  0.000000  1.000000  0.000000  1.000000  34.000000  200.000000  1.000000  0.000000  0.030000  0.010000  0.000000  0.000000  0.000000  0.000000  0 
11.000000  1 5 1 1151.000000  332.000000  0.000000  0.000000  0.000000  0.000000  0.000000  1.000000  0.000000  0.000000  0.000000  0.000000  0.000000  0.000000  0.000000  0.000000  0.000000  0.000000  1.000000  2.000000  0.000000  0.000000  0.000000  0.000000  1.000000  0.000000  1.000000  44.000000  200.000000  1.000000  0.000000  0.020000  0.010000  0.000000  0.000000  0.000000  0.000000  0 
0.000000  1 5 1 686.000000  334.000000  0.000000  0.000000  0.000000  0.000000  0.000000  1.000000  0.000000  0.000000  0.000000  0.000000  0.000000  0.000000  0.000000  0.000000  0.000000  0.000000  1.000000  1.000000  0.000000  0.000000  0.000000  0.000000  1.000000  0.000000  0.000000  54.000000  202.000000  1.000000  0.000000  0.020000  0.010000  0.000000  0.000000  0.000000  0.000000  0 
3.000000  1 5 1 1204.000000  366.000000  0.000000  0.000000  0.000000  0.000000  0.000000  1.000000  0.000000  0.000000  0.000000  0.000000  0.000000  0.000000  0.000000  0.000000  0.000000  0.000000  1.000000  4.000000  0.000000  0.000000  0.000000  0.000000  1.000000  0.000000  1.000000  64.000000  201.000000  0.980000  0.030000  0.020000  0.010000  0.000000  0.000000  0.000000  0.000000  0 
0.000000  1 5 1 1714.000000  409.000000  0.000000  0.000000  0.000000  0.000000  0.000000  1.000000  0.000000  0.000000  0.000000  0.000000  0.000000  0.000000  0.000000  0.000000  0.000000  0.000000  1.000000  4.000000  0.000000  0.000000  0.000000  0.000000  1.000000  0.000000  1.000000  74.000000  201.000000  0.990000  0.030000  0.010000  0.010000  0.000000  0.000000  0.000000  0.000000  0 
1.000000  1 5 1 1817.000000  334.000000  0.000000  0.000000  0.000000  0.000000  0.000000  1.000000  0.000000  0.000000  0.000000  0.000000  0.000000  0.000000  0.000000  0.000000  0.000000  0.000000  1.000000  4.000000  0.000000  0.000000  0.000000  0.000000  1.000000  0.000000  1.000000  84.000000  201.000000  0.990000  0.020000  0.010000  0.010000  0.000000  0.000000  0.000000  0.000000  0 
0.000000  1 5 1 874.000000  328.000000  0.000000  0.000000  0.000000  0.000000  0.000000  1.000000  0.000000  0.000000  0.000000  0.000000  0.000000  0.000000  0.000000  0.000000  0.000000  0.000000  1.000000  1.000000  0.000000  0.000000  0.000000  0.000000  1.000000  0.000000  0.000000  94.000000  202.000000  0.990000  0.020000  0.010000  0.010000  0.000000  0.000000  0.000000  0.000000  0 
0.000000  1 5 1 1218.000000  367.000000  0.000000  0.000000  0.000000  0.000000  0.000000  1.000000  0.000000  0.000000  0.000000  0.000000  0.000000  0.000000  0.000000  0.000000  0.000000  0.000000  1.000000  4.000000  0.000000  0.000000  0.000000  0.000000  1.000000  0.000000  1.000000  104.000000  204.000000  0.990000  0.020000  0.010000  0.010000  0.000000  0.000000  0.000000  0.000000  0 
0.000000  1 5 1 1132.000000  333.000000  0.000000  0.000000  0.000000  0.000000  0.000000  1.000000  0.000000  0.000000  0.000000  0.000000  0.000000  0.000000  0.000000  0.000000  0.000000  0.000000  1.000000  1.000000  0.000000  0.000000  0.000000  0.000000  1.000000  0.000000  0.000000  4.000000  207.000000  1.000000  0.000000  0.250000  0.010000  0.000000  0.000000  0.000000  0.000000  0 
1.000000  1 5 1 1915.000000  365.000000  0.000000  0.000000  0.000000  0.000000  0.000000  1.000000  0.000000  0.000000  0.000000  0.000000  0.000000  0.000000  0.000000  0.000000  0.000000  0.000000  1.000000  3.000000  0.000000  0.000000  0.000000  0.000000  1.000000  0.000000  1.000000  14.000000  210.000000  1.000000  0.000000  0.070000  0.010000  0.000000  0.000000  0.000000  0.000000  0 
0.000000  1 5 1 743.000000  330.000000  0.000000  0.000000  0.000000  0.000000  0.000000  1.000000  0.000000  0.000000  0.000000  0.000000  0.000000  0.000000  0.000000  0.000000  0.000000  0.000000  1.000000  1.000000  0.000000  0.000000  0.000000  0.000000  1.000000  0.000000  0.000000  24.000000  216.000000  1.000000  0.000000  0.040000  0.010000  0.000000  0.000000  0.000000  0.000000  0 
2.000000  1 5 1 918.000000  329.000000  0.000000  0.000000  0.000000  0.000000  0.000000  1.000000  0.000000  0.000000  0.000000  0.000000  0.000000  0.000000  0.000000  0.000000  0.000000  0.000000  1.000000  3.000000  0.000000  0.000000  0.000000  0.000000  1.000000  0.000000  1.000000  34.000000  220.000000  1.000000  0.000000  0.030000  0.010000  0.000000  0.000000  0.000000  0.000000  0 
0.000000  1 5 1 1228.000000  331.000000  0.000000  0.000000  0.000000  0.000000  0.000000  1.000000  0.000000  0.000000  0.000000  0.000000  0.000000  0.000000  0.000000  0.000000  0.000000  0.000000  1.000000  1.000000  0.000000  0.000000  0.000000  0.000000  1.000000  0.000000  0.000000  44.000000  225.000000  0.980000  0.050000  0.020000  0.010000  0.000000  0.000000  0.000000  0.000000  0 
1.000000  1 5 1 1076.000000  369.000000  0.000000  0.000000  0.000000  0.000000  0.000000  1.000000  0.000000  0.000000  0.000000  0.000000  0.000000  0.000000  0.000000  0.000000  0.000000  0.000000  1.000000  2.000000  0.000000  0.000000  0.000000  0.000000  1.000000  0.000000  1.000000  54.000000  226.000000  0.980000  0.040000  0.020000  0.010000  0.000000  0.000000  0.000000  0.000000  0 
1.000000  1 5 1 896.000000  335.000000  0.000000  0.000000  0.000000  0.000000  0.000000  1.000000  0.000000  0.000000  0.000000  0.000000  0.000000  0.000000  0.000000  0.000000  0.000000  0.000000  1.000000  3.000000  0.000000  0.000000  0.000000  0.000000  1.000000  0.000000  1.000000  84.000000  231.000000  0.950000  0.020000  0.010000  0.010000  0.000000  0.000000  0.000000  0.000000  0 
1.000000  1 5 1 1816.000000  337.000000  0.000000  0.000000  0.000000  0.000000  0.000000  1.000000  0.000000  0.000000  0.000000  0.000000  0.000000  0.000000  0.000000  0.000000  0.000000  0.000000  1.000000  3.000000  0.000000  0.000000  0.000000  0.000000  1.000000  0.000000  1.000000  94.000000  234.000000  0.960000  0.020000  0.010000  0.010000  0.000000  0.000000  0.000000  0.000000  0 
1.000000  1 5 1 1262.000000  330.000000  0.000000  0.000000  0.000000  0.000000  0.000000  1.000000  0.000000  0.000000  0.000000  0.000000  0.000000  0.000000  0.000000  0.000000  0.000000  0.000000  1.000000  4.000000  0.000000  0.000000  0.000000  0.000000  1.000000  0.000000  1.000000  104.000000  236.000000  0.950000  0.020000  0.010000  0.010000  0.000000  0.000000  0.000000  0.000000  0 
1.000000  1 5 1 1766.000000  335.000000  0.000000  0.000000  0.000000  0.000000  0.000000  1.000000  0.000000  0.000000  0.000000  0.000000  0.000000  0.000000  0.000000  0.000000  0.000000  0.000000  1.000000  3.000000  0.000000  0.000000  0.000000  0.000000  1.000000  0.000000  1.000000  114.000000  239.000000  0.950000  0.020000  0.010000  0.010000  0.000000  0.000000  0.000000  0.000000  0 
2.000000  1 5 1 1209.000000  329.000000  0.000000  0.000000  0.000000  0.000000  0.000000  1.000000  0.000000  0.000000  0.000000  0.000000  0.000000  0.000000  0.000000  0.000000  0.000000  0.000000  1.000000  2.000000  0.000000  0.000000  0.000000  0.000000  1.000000  0.000000  1.000000  3.000000  242.000000  1.000000  0.000000  0.330000  0.020000  0.000000  0.000000  0.000000  0.000000  0 
0.000000  1 5 1 1203.000000  332.000000  0.000000  0.000000  0.000000  0.000000  0.000000  1.000000  0.000000  0.000000  0.000000  0.000000  1.000000  0.000000  0.000000  0.000000  0.000000  0.000000  1.000000  1.000000  0.000000  0.000000  0.000000  0.000000  1.000000  0.000000  0.000000  13.000000  245.000000  1.000000  0.000000  0.080000  0.020000  0.000000  0.000000  0.000000  0.000000  0 
0.000000  1 5 1 1745.000000  367.000000  0.000000  0.000000  0.000000  0.000000  0.000000  1.000000  0.000000  0.000000  0.000000  0.000000  0.000000  0.000000  1.000000  0.000000  0.000000  0.000000  1.000000  2.000000  0.000000  0.000000  0.000000  0.000000  1.000000  0.000000  1.000000  23.000000  248.000000  1.000000  0.000000  0.040000  0.020000  0.000000  0.000000  0.000000  0.000000  0 
3.000000  1 5 1 771.000000  328.000000  0.000000  0.000000  0.000000  0.000000  0.000000  1.000000  0.000000  0.000000  0.000000  0.000000  0.000000  0.000000  0.000000  0.000000  0.000000  0.000000  1.000000  2.000000  0.000000  0.000000  0.000000  0.000000  1.000000  0.000000  1.000000  33.000000  247.000000  0.970000  0.060000  0.030000  0.010000  0.000000  0.000000  0.000000  0.000000  0 
1.000000  1 5 1 1211.000000  365.000000  0.000000  0.000000  0.000000  0.000000  0.000000  1.000000  0.000000  0.000000  0.000000  0.000000  0.000000  0.000000  0.000000  0.000000  0.000000  0.000000  1.000000  2.000000  0.000000  0.000000  0.000000  0.000000  1.000000  0.000000  1.000000  43.000000  247.000000  0.980000  0.050000  0.020000  0.010000  0.000000  0.000000  0.000000  0.000000  0 
0.000000  1 5 1 1094.000000  331.000000  0.000000  0.000000  0.000000  0.000000  0.000000  1.000000  0.000000  0.000000  0.000000  0.000000  0.000000  0.000000  0.000000  0.000000  0.000000  0.000000  1.000000  3.000000  0.000000  0.000000  0.000000  0.000000  1.000000  0.000000  1.000000  53.000000  247.000000  0.980000  0.040000  0.020000  0.010000  0.000000  0.000000  0.000000  0.000000  0 
1.000000  1 5 1 840.000000  336.000000  0.000000  0.000000  0.000000  0.000000  0.000000  1.000000  0.000000  0.000000  0.000000  0.000000  0.000000  0.000000  0.000000  0.000000  0.000000  0.000000  1.000000  1.000000  0.000000  0.000000  0.000000  0.000000  1.000000  0.000000  0.000000  63.000000  246.000000  0.970000  0.030000  0.020000  0.010000  0.000000  0.000000  0.000000  0.000000  0 
4.000000  1 5 1 1302.000000  328.000000  0.000000  0.000000  0.000000  0.000000  0.000000  1.000000  0.000000  0.000000  0.000000  0.000000  0.000000  0.000000  0.000000  0.000000  0.000000  0.000000  2.000000  2.000000  0.000000  0.000000  0.000000  0.000000  1.000000  0.000000  0.000000  73.000000  246.000000  0.970000  0.030000  0.010000  0.010000  0.000000  0.000000  0.000000  0.000000  0 
1.000000  1 5 1 2117.000000  324.000000  0.000000  0.000000  0.000000  0.000000  0.000000  1.000000  0.000000  0.000000  0.000000  0.000000  0.000000  0.000000  0.000000  0.000000  0.000000  0.000000  1.000000  1.000000  0.000000  0.000000  0.000000  0.000000  1.000000  0.000000  0.000000  83.000000  246.000000  0.980000  0.020000  0.010000  0.010000  0.000000  0.000000  0.000000  0.000000  0 
1.000000  1 5 1 1398.000000  328.000000  0.000000  0.000000  0.000000  0.000000  0.000000  1.000000  0.000000  0.000000  0.000000  0.000000  0.000000  0.000000  0.000000  0.000000  0.000000  0.000000  1.000000  3.000000  0.000000  0.000000  0.000000  0.000000  1.000000  0.000000  1.000000  93.000000  247.000000  0.980000  0.020000  0.010000  0.010000  0.000000  0.000000  0.000000  0.000000  0 
0.000000  1 5 1 1375.000000  329.000000  0.000000  0.000000  0.000000  0.000000  0.000000  1.000000  0.000000  0.000000  0.000000  0.000000  0.000000  0.000000  0.000000  0.000000  0.000000  0.000000  1.000000  2.000000  0.000000  0.000000  0.000000  0.000000  1.000000  0.000000  1.000000  103.000000  246.000000  0.970000  0.020000  0.010000  0.010000  0.000000  0.000000  0.000000  0.000000  0 
1.000000  1 5 1 92994.000000  329.000000  0.000000  0.000000  0.000000  0.000000  0.000000  1.000000  0.000000  0.000000  0.000000  0.000000  0.000000  0.000000  0.000000  0.000000  0.000000  0.000000  1.000000  3.000000  0.000000  0.000000  0.000000  0.000000  1.000000  0.000000  1.000000  113.000000  246.000000  0.970000  0.020000  0.010000  0.010000  0.000000  0.000000  0.000000  0.000000  0 
0.000000  1 5 1 1022.000000  331.000000  0.000000  0.000000  0.000000  0.000000  0.000000  1.000000  0.000000  0.000000  0.000000  0.000000  0.000000  0.000000  0.000000  0.000000  0.000000  0.000000  1.000000  1.000000  0.000000  0.000000  0.000000  0.000000  1.000000  0.000000  0.000000  123.000000  244.000000  0.960000  0.020000  0.010000  0.010000  0.000000  0.000000  0.000000  0.000000  0 
0.000000  1 5 1 2080.000000  492.000000  0.000000  0.000000  0.000000  0.000000  0.000000  1.000000  0.000000  0.000000  0.000000  0.000000  0.000000  0.000000  0.000000  0.000000  0.000000  0.000000  1.000000  2.000000  0.000000  0.000000  0.000000  0.000000  1.000000  0.000000  1.000000  2.000000  244.000000  1.000000  0.000000  0.500000  0.020000  0.000000  0.000000  0.000000  0.000000  0 
0.000000  1 5 1 2996.000000  927.000000  0.000000  0.000000  0.000000  0.000000  0.000000  1.000000  0.000000  0.000000  0.000000  0.000000  0.000000  0.000000  0.000000  0.000000  0.000000  0.000000  1.000000  2.000000  0.000000  0.000000  0.000000  0.000000  1.000000  0.000000  1.000000  12.000000  244.000000  1.000000  0.000000  0.080000  0.010000  0.000000  0.000000  0.000000  0.000000  0 
0.000000  1 5 1 1305.000000  499.000000  0.000000  0.000000  0.000000  0.000000  0.000000  1.000000  0.000000  0.000000  0.000000  0.000000  0.000000  0.000000  0.000000  0.000000  0.000000  0.000000  1.000000  3.000000  0.000000  0.000000  0.000000  0.000000  1.000000  0.000000  1.000000  22.000000  244.000000  1.000000  0.000000  0.050000  0.010000  0.000000  0.000000  0.000000  0.000000  0 
0.000000  1 7 1 8.000000  271.000000  0.000000  0.000000  0.000000  0.000000  0.000000  0.000000  0.000000  0.000000  0.000000  0.000000  0.000000  0.000000  0.000000  0.000000  0.000000  0.000000  1.000000  1.000000  0.000000  0.000000  0.000000  0.000000  1.000000  0.000000  0.000000  32.000000  12.000000  0.030000  0.060000  0.030000  0.250000  0.000000  0.000000  0.000000  0.000000  0 
0.000000  1 5 1 711.000000  495.000000  0.000000  0.000000  0.000000  0.000000  0.000000  1.000000  0.000000  0.000000  0.000000  0.000000  0.000000  0.000000  0.000000  0.000000  0.000000  0.000000  1.000000  1.000000  0.000000  0.000000  0.000000  0.000000  1.000000  0.000000  0.000000  42.000000  243.000000  0.980000  0.050000  0.020000  0.010000  0.000000  0.000000  0.000000  0.000000  0 
0.000000  1 5 1 2457.000000  494.000000  0.000000  0.000000  0.000000  0.000000  0.000000  1.000000  0.000000  0.000000  0.000000  0.000000  0.000000  0.000000  0.000000  0.000000  0.000000  0.000000  1.000000  2.000000  0.000000  0.000000  0.000000  0.000000  1.000000  0.000000  1.000000  52.000000  243.000000  0.960000  0.040000  0.020000  0.010000  0.000000  0.000000  0.000000  0.000000  0 
0.000000  1 5 1 1089.000000  492.000000  0.000000  0.000000  0.000000  0.000000  0.000000  1.000000  0.000000  0.000000  0.000000  0.000000  0.000000  0.000000  0.000000  0.000000  0.000000  0.000000  1.000000  3.000000  0.000000  0.000000  0.000000  0.000000  1.000000  0.000000  1.000000  62.000000  242.000000  0.950000  0.030000  0.020000  0.010000  0.000000  0.000000  0.000000  0.000000  0 
0.000000  1 5 1 1204.000000  499.000000  0.000000  0.000000  0.000000  0.000000  0.000000  1.000000  0.000000  0.000000  0.000000  0.000000  0.000000  0.000000  0.000000  0.000000  0.000000  0.000000  1.000000  1.000000  0.000000  0.000000  0.000000  0.000000  1.000000  0.000000  0.000000  72.000000  242.000000  0.940000  0.040000  0.010000  0.010000  0.000000  0.000000  0.000000  0.000000  0 
0.000000  1 2 4 0.000000  0.000000  0.000000  0.000000  0.000000  0.000000  0.000000  0.000000  0.000000  0.000000  0.000000  0.000000  0.000000  0.000000  0.000000  0.000000  0.000000  0.000000  91.000000  12.000000  1.000000  1.000000  0.000000  0.000000  0.130000  0.050000  0.000000  255.000000  12.000000  0.050000  0.070000  0.000000  0.000000  1.000000  1.000000  0.000000  0.000000  1 
0.000000  1 2 4 0.000000  0.000000  0.000000  0.000000  0.000000  0.000000  0.000000  0.000000  0.000000  0.000000  0.000000  0.000000  0.000000  0.000000  0.000000  0.000000  0.000000  0.000000  130.000000  16.000000  1.000000  1.000000  0.000000  0.000000  0.120000  0.060000  0.000000  255.000000  16.000000  0.060000  0.060000  0.000000  0.000000  1.000000  1.000000  0.000000  0.000000  1 
0.000000  1 2 4 0.000000  0.000000  0.000000  0.000000  0.000000  0.000000  0.000000  0.000000  0.000000  0.000000  0.000000  0.000000  0.000000  0.000000  0.000000  0.000000  0.000000  0.000000  90.000000  18.000000  1.000000  1.000000  0.000000  0.000000  0.200000  0.060000  0.000000  255.000000  18.000000  0.070000  0.060000  0.000000  0.000000  1.000000  1.000000  0.000000  0.000000  1 
0.000000  1 2 4 0.000000  0.000000  0.000000  0.000000  0.000000  0.000000  0.000000  0.000000  0.000000  0.000000  0.000000  0.000000  0.000000  0.000000  0.000000  0.000000  0.000000  0.000000  99.000000  7.000000  1.000000  1.000000  0.000000  0.000000  0.070000  0.060000  0.000000  255.000000  7.000000  0.030000  0.060000  0.000000  0.000000  1.000000  1.000000  0.000000  0.000000  1 
0.000000  1 2 4 0.000000  0.000000  0.000000  0.000000  0.000000  0.000000  0.000000  0.000000  0.000000  0.000000  0.000000  0.000000  0.000000  0.000000  0.000000  0.000000  0.000000  0.000000  108.000000  16.000000  1.000000  1.000000  0.000000  0.000000  0.150000  0.060000  0.000000  255.000000  16.000000  0.060000  0.060000  0.000000  0.000000  1.000000  1.000000  0.000000  0.000000  1 
0.000000  1 2 4 0.000000  0.000000  0.000000  0.000000  0.000000  0.000000  0.000000  0.000000  0.000000  0.000000  0.000000  0.000000  0.000000  0.000000  0.000000  0.000000  0.000000  0.000000  67.000000  5.000000  1.000000  1.000000  0.000000  0.000000  0.070000  0.070000  0.000000  255.000000  5.000000  0.020000  0.070000  0.000000  0.000000  1.000000  1.000000  0.000000  0.000000  1 
0.000000  1 2 4 0.000000  0.000000  0.000000  0.000000  0.000000  0.000000  0.000000  0.000000  0.000000  0.000000  0.000000  0.000000  0.000000  0.000000  0.000000  0.000000  0.000000  0.000000  76.000000  14.000000  1.000000  1.000000  0.000000  0.000000  0.180000  0.070000  0.000000  255.000000  14.000000  0.050000  0.060000  0.000000  0.000000  1.000000  1.000000  0.000000  0.000000  1 
0.000000  1 2 4 0.000000  0.000000  0.000000  0.000000  0.000000  0.000000  0.000000  0.000000  0.000000  0.000000  0.000000  0.000000  0.000000  0.000000  0.000000  0.000000  0.000000  0.000000  85.000000  3.000000  1.000000  1.000000  0.000000  0.000000  0.040000  0.070000  0.000000  255.000000  3.000000  0.010000  0.060000  0.000000  0.000000  1.000000  1.000000  0.000000  0.000000  1 
0.000000  1 2 4 0.000000  0.000000  0.000000  0.000000  0.000000  0.000000  0.000000  0.000000  0.000000  0.000000  0.000000  0.000000  0.000000  0.000000  0.000000  0.000000  0.000000  0.000000  94.000000  12.000000  1.000000  1.000000  0.000000  0.000000  0.130000  0.060000  0.000000  255.000000  12.000000  0.050000  0.060000  0.000000  0.000000  1.000000  1.000000  0.000000  0.000000  1 
0.000000  1 2 4 0.000000  0.000000  0.000000  0.000000  0.000000  0.000000  0.000000  0.000000  0.000000  0.000000  0.000000  0.000000  0.000000  0.000000  0.000000  0.000000  0.000000  0.000000  67.000000  2.000000  1.000000  1.000000  0.000000  0.000000  0.030000  0.070000  0.000000  255.000000  2.000000  0.010000  0.070000  0.000000  0.000000  1.000000  1.000000  0.000000  0.000000  1 
0.000000  1 2 4 0.000000  0.000000  0.000000  0.000000  0.000000  0.000000  0.000000  0.000000  0.000000  0.000000  0.000000  0.000000  0.000000  0.000000  0.000000  0.000000  0.000000  0.000000  76.000000  9.000000  1.000000  1.000000  0.000000  0.000000  0.120000  0.080000  0.000000  255.000000  9.000000  0.040000  0.070000  0.000000  0.000000  1.000000  1.000000  0.000000  0.000000  1 
0.000000  1 2 4 0.000000  0.000000  0.000000  0.000000  0.000000  0.000000  0.000000  0.000000  0.000000  0.000000  0.000000  0.000000  0.000000  0.000000  0.000000  0.000000  0.000000  0.000000  85.000000  11.000000  1.000000  1.000000  0.000000  0.000000  0.130000  0.070000  0.000000  255.000000  11.000000  0.040000  0.070000  0.000000  0.000000  1.000000  1.000000  0.000000  0.000000  1 
0.000000  1 2 4 0.000000  0.000000  0.000000  0.000000  0.000000  0.000000  0.000000  0.000000  0.000000  0.000000  0.000000  0.000000  0.000000  0.000000  0.000000  0.000000  0.000000  0.000000  94.000000  19.000000  1.000000  1.000000  0.000000  0.000000  0.200000  0.070000  0.000000  255.000000  19.000000  0.070000  0.070000  0.000000  0.000000  1.000000  1.000000  0.000000  0.000000  1 
0.000000  1 2 4 0.000000  0.000000  0.000000  0.000000  0.000000  0.000000  0.000000  0.000000  0.000000  0.000000  0.000000  0.000000  0.000000  0.000000  0.000000  0.000000  0.000000  0.000000  103.000000  8.000000  1.000000  1.000000  0.000000  0.000000  0.080000  0.070000  0.000000  255.000000  8.000000  0.030000  0.070000  0.000000  0.000000  1.000000  1.000000  0.000000  0.000000  1 
0.000000  1 2 4 0.000000  0.000000  0.000000  0.000000  0.000000  0.000000  0.000000  0.000000  0.000000  0.000000  0.000000  0.000000  0.000000  0.000000  0.000000  0.000000  0.000000  0.000000  112.000000  17.000000  1.000000  1.000000  0.000000  0.000000  0.150000  0.060000  0.000000  255.000000  17.000000  0.070000  0.070000  0.000000  0.000000  1.000000  1.000000  0.000000  0.000000  1 
0.000000  1 2 4 0.000000  0.000000  0.000000  0.000000  0.000000  0.000000  0.000000  0.000000  0.000000  0.000000  0.000000  0.000000  0.000000  0.000000  0.000000  0.000000  0.000000  0.000000  105.000000  9.000000  1.000000  1.000000  0.000000  0.000000  0.090000  0.060000  0.000000  255.000000  9.000000  0.040000  0.060000  0.000000  0.000000  1.000000  1.000000  0.000000  0.000000  1 
0.000000  1 2 4 0.000000  0.000000  0.000000  0.000000  0.000000  0.000000  0.000000  0.000000  0.000000  0.000000  0.000000  0.000000  0.000000  0.000000  0.000000  0.000000  0.000000  0.000000  104.000000  5.000000  1.000000  1.000000  0.000000  0.000000  0.050000  0.060000  0.000000  255.000000  5.000000  0.020000  0.070000  0.000000  0.000000  1.000000  1.000000  0.000000  0.000000  1 
0.000000  1 2 4 0.000000  0.000000  0.000000  0.000000  0.000000  0.000000  0.000000  0.000000  0.000000  0.000000  0.000000  0.000000  0.000000  0.000000  0.000000  0.000000  0.000000  0.000000  113.000000  14.000000  1.000000  1.000000  0.000000  0.000000  0.120000  0.050000  0.000000  255.000000  14.000000  0.050000  0.070000  0.000000  0.000000  1.000000  1.000000  0.000000  0.000000  1 
0.000000  1 2 4 0.000000  0.000000  0.000000  0.000000  0.000000  0.000000  0.000000  0.000000  0.000000  0.000000  0.000000  0.000000  0.000000  0.000000  0.000000  0.000000  0.000000  0.000000  122.000000  3.000000  1.000000  1.000000  0.000000  0.000000  0.020000  0.060000  0.000000  255.000000  3.000000  0.010000  0.060000  0.000000  0.000000  1.000000  1.000000  0.000000  0.000000  1 
0.000000  1 2 4 0.000000  0.000000  0.000000  0.000000  0.000000  0.000000  0.000000  0.000000  0.000000  0.000000  0.000000  0.000000  0.000000  0.000000  0.000000  0.000000  0.000000  0.000000  131.000000  12.000000  1.000000  1.000000  0.000000  0.000000  0.090000  0.050000  0.000000  255.000000  12.000000  0.050000  0.060000  0.000000  0.000000  1.000000  1.000000  0.000000  0.000000  1 
0.000000  1 2 4 0.000000  0.000000  0.000000  0.000000  0.000000  0.000000  0.000000  0.000000  0.000000  0.000000  0.000000  0.000000  0.000000  0.000000  0.000000  0.000000  0.000000  0.000000  102.000000  1.000000  1.000000  1.000000  0.000000  0.000000  0.010000  0.080000  0.000000  255.000000  1.000000  0.000000  0.070000  0.000000  0.000000  1.000000  1.000000  0.000000  0.000000  1 
0.000000  1 2 4 0.000000  0.000000  0.000000  0.000000  0.000000  0.000000  0.000000  0.000000  0.000000  0.000000  0.000000  0.000000  0.000000  0.000000  0.000000  0.000000  0.000000  0.000000  111.000000  3.000000  1.000000  1.000000  0.000000  0.000000  0.030000  0.070000  0.000000  255.000000  3.000000  0.010000  0.060000  0.000000  0.000000  1.000000  1.000000  0.000000  0.000000  1 
0.000000  1 2 4 0.000000  0.000000  0.000000  0.000000  0.000000  0.000000  0.000000  0.000000  0.000000  0.000000  0.000000  0.000000  0.000000  0.000000  0.000000  0.000000  0.000000  0.000000  120.000000  11.000000  1.000000  1.000000  0.000000  0.000000  0.090000  0.070000  0.000000  255.000000  11.000000  0.040000  0.060000  0.000000  0.000000  1.000000  1.000000  0.000000  0.000000  1 
0.000000  1 2 4 0.000000  0.000000  0.000000  0.000000  0.000000  0.000000  0.000000  0.000000  0.000000  0.000000  0.000000  0.000000  0.000000  0.000000  0.000000  0.000000  0.000000  0.000000  129.000000  6.000000  1.000000  1.000000  0.000000  0.000000  0.050000  0.070000  0.000000  255.000000  6.000000  0.020000  0.070000  0.000000  0.000000  1.000000  1.000000  0.000000  0.000000  1 
0.000000  1 2 4 0.000000  0.000000  0.000000  0.000000  0.000000  0.000000  0.000000  0.000000  0.000000  0.000000  0.000000  0.000000  0.000000  0.000000  0.000000  0.000000  0.000000  0.000000  138.000000  8.000000  1.000000  1.000000  0.000000  0.000000  0.060000  0.070000  0.000000  255.000000  8.000000  0.030000  0.060000  0.000000  0.000000  1.000000  1.000000  0.000000  0.000000  1 
0.000000  1 2 4 0.000000  0.000000  0.000000  0.000000  0.000000  0.000000  0.000000  0.000000  0.000000  0.000000  0.000000  0.000000  0.000000  0.000000  0.000000  0.000000  0.000000  0.000000  147.000000  17.000000  1.000000  1.000000  0.000000  0.000000  0.120000  0.060000  0.000000  255.000000  17.000000  0.070000  0.060000  0.000000  0.000000  1.000000  1.000000  0.000000  0.000000  1 
0.000000  1 2 4 0.000000  0.000000  0.000000  0.000000  0.000000  0.000000  0.000000  0.000000  0.000000  0.000000  0.000000  0.000000  0.000000  0.000000  0.000000  0.000000  0.000000  0.000000  115.000000  19.000000  1.000000  1.000000  0.000000  0.000000  0.170000  0.050000  0.000000  255.000000  19.000000  0.070000  0.060000  0.000000  0.000000  1.000000  1.000000  0.000000  0.000000  1 
0.000000  1 2 4 0.000000  0.000000  0.000000  0.000000  0.000000  0.000000  0.000000  0.000000  0.000000  0.000000  0.000000  0.000000  0.000000  0.000000  0.000000  0.000000  0.000000  0.000000  116.000000  17.000000  1.000000  1.000000  0.000000  0.000000  0.150000  0.060000  0.000000  255.000000  17.000000  0.070000  0.060000  0.000000  0.000000  1.000000  1.000000  0.000000  0.000000  1 
0.000000  1 2 4 0.000000  0.000000  0.000000  0.000000  0.000000  0.000000  0.000000  0.000000  0.000000  0.000000  0.000000  0.000000  0.000000  0.000000  0.000000  0.000000  0.000000  0.000000  125.000000  6.000000  1.000000  1.000000  0.000000  0.000000  0.050000  0.060000  0.000000  255.000000  6.000000  0.020000  0.060000  0.000000  0.000000  1.000000  1.000000  0.000000  0.000000  1 
0.000000  1 2 4 0.000000  0.000000  0.000000  0.000000  0.000000  0.000000  0.000000  0.000000  0.000000  0.000000  0.000000  0.000000  0.000000  0.000000  0.000000  0.000000  0.000000  0.000000  134.000000  15.000000  1.000000  1.000000  0.000000  0.000000  0.110000  0.060000  0.000000  255.000000  15.000000  0.060000  0.060000  0.000000  0.000000  1.000000  1.000000  0.000000  0.000000  1 
0.000000  3 1 1 1480.000000  0.000000  0.000000  1.000000  0.000000  0.000000  0.000000  0.000000  0.000000  0.000000  0.000000  0.000000  0.000000  0.000000  0.000000  0.000000  0.000000  0.000000  1.000000  1.000000  0.000000  0.000000  0.000000  0.000000  1.000000  0.000000  0.000000  2.000000  1.000000  0.500000  1.000000  0.500000  0.000000  0.000000  0.000000  0.000000  0.000000  1 
0.000000  3 1 1 1480.000000  0.000000  0.000000  1.000000  0.000000  0.000000  0.000000  0.000000  0.000000  0.000000  0.000000  0.000000  0.000000  0.000000  0.000000  0.000000  0.000000  0.000000  2.000000  2.000000  0.000000  0.000000  0.000000  0.000000  1.000000  0.000000  0.000000  3.000000  2.000000  0.670000  0.670000  0.670000  0.000000  0.000000  0.000000  0.000000  0.000000  1
0.000000  3 1 1 1480.000000  0.000000  0.000000  1.000000  0.000000  0.000000  0.000000  0.000000  0.000000  0.000000  0.000000  0.000000  0.000000  0.000000  0.000000  0.000000  0.000000  0.000000  1.000000  1.000000  0.000000  0.000000  0.000000  0.000000  1.000000  0.000000  0.000000  3.000000  5.000000  0.330000  0.670000  0.330000  0.600000  0.000000  0.000000  0.000000  0.000000  1 
0.000000  3 1 1 1480.000000  0.000000  0.000000  1.000000  0.000000  0.000000  0.000000  0.000000  0.000000  0.000000  0.000000  0.000000  0.000000  0.000000  0.000000  0.000000  0.000000  0.000000  2.000000  2.000000  0.000000  0.000000  0.000000  0.000000  1.000000  0.000000  0.000000  4.000000  6.000000  0.500000  0.500000  0.500000  0.500000  0.000000  0.000000  0.000000  0.000000  1 
0.000000  3 1 1 1480.000000  0.000000  0.000000  1.000000  0.000000  0.000000  0.000000  0.000000  0.000000  0.000000  0.000000  0.000000  0.000000  0.000000  0.000000  0.000000  0.000000  0.000000  1.000000  1.000000  0.000000  0.000000  0.000000  0.000000  1.000000  0.000000  0.000000  1.000000  7.000000  1.000000  0.000000  1.000000  0.570000  0.000000  0.000000  0.000000  0.000000  1 
0.000000  3 1 1 1480.000000  0.000000  0.000000  1.000000  0.000000  0.000000  0.000000  0.000000  0.000000  0.000000  0.000000  0.000000  0.000000  0.000000  0.000000  0.000000  0.000000  0.000000  2.000000  2.000000  0.000000  0.000000  0.000000  0.000000  1.000000  0.000000  0.000000  2.000000  8.000000  1.000000  0.000000  1.000000  0.500000  0.000000  0.000000  0.000000  0.000000  1 
0.000000  3 1 1 1480.000000  0.000000  0.000000  1.000000  0.000000  0.000000  0.000000  0.000000  0.000000  0.000000  0.000000  0.000000  0.000000  0.000000  0.000000  0.000000  0.000000  0.000000  1.000000  1.000000  0.000000  0.000000  0.000000  0.000000  1.000000  0.000000  0.000000  1.000000  13.000000  1.000000  0.000000  1.000000  0.540000  0.000000  0.000000  0.000000  0.000000  1 
0.000000  3 1 1 1480.000000  0.000000  0.000000  1.000000  0.000000  0.000000  0.000000  0.000000  0.000000  0.000000  0.000000  0.000000  0.000000  0.000000  0.000000  0.000000  0.000000  0.000000  2.000000  2.000000  0.000000  0.000000  0.000000  0.000000  1.000000  0.000000  0.000000  2.000000  14.000000  1.000000  0.000000  1.000000  0.500000  0.000000  0.000000  0.000000  0.000000  1 
0.000000  3 1 1 1480.000000  0.000000  0.000000  1.000000  0.000000  0.000000  0.000000  0.000000  0.000000  0.000000  0.000000  0.000000  0.000000  0.000000  0.000000  0.000000  0.000000  0.000000  1.000000  1.000000  0.000000  0.000000  0.000000  0.000000  1.000000  0.000000  0.000000  1.000000  17.000000  1.000000  0.000000  1.000000  0.530000  0.000000  0.000000  0.000000  0.000000  1 
0.000000  3 1 1 1480.000000  0.000000  0.000000  1.000000  0.000000  0.000000  0.000000  0.000000  0.000000  0.000000  0.000000  0.000000  0.000000  0.000000  0.000000  0.000000  0.000000  0.000000  2.000000  2.000000  0.000000  0.000000  0.000000  0.000000  1.000000  0.000000  0.000000  2.000000  18.000000  1.000000  0.000000  1.000000  0.500000  0.000000  0.000000  0.000000  0.000000  1 
0.000000  3 1 1 1480.000000  0.000000  0.000000  1.000000  0.000000  0.000000  0.000000  0.000000  0.000000  0.000000  0.000000  0.000000  0.000000  0.000000  0.000000  0.000000  0.000000  0.000000  1.000000  1.000000  0.000000  0.000000  0.000000  0.000000  1.000000  0.000000  0.000000  1.000000  19.000000  1.000000  0.000000  1.000000  0.530000  0.000000  0.000000  0.000000  0.000000  1 
0.000000  3 1 1 1480.000000  0.000000  0.000000  1.000000  0.000000  0.000000  0.000000  0.000000  0.000000  0.000000  0.000000  0.000000  0.000000  0.000000  0.000000  0.000000  0.000000  0.000000  2.000000  2.000000  0.000000  0.000000  0.000000  0.000000  1.000000  0.000000  0.000000  2.000000  20.000000  1.000000  0.000000  1.000000  0.500000  0.000000  0.000000  0.000000  0.000000  1  
0.000000  1 3 1 54540.000000  8314.000000  0.000000  0.000000  0.000000  2.000000  0.000000  1.000000  1.000000  0.000000  0.000000  0.000000  0.000000  0.000000  0.000000  0.000000  0.000000  0.000000  4.000000  4.000000  0.000000  0.000000  0.000000  0.000000  1.000000  0.000000  0.000000  38.000000  38.000000  1.000000  0.000000  0.030000  0.000000  0.030000  0.030000  0.030000  0.030000  1 
0.000000  1 3 1 54540.000000  8314.000000  0.000000  0.000000  0.000000  2.000000  0.000000  1.000000  1.000000  0.000000  0.000000  0.000000  0.000000  0.000000  0.000000  0.000000  0.000000  0.000000  4.000000  4.000000  0.000000  0.000000  0.000000  0.000000  1.000000  0.000000  0.000000  39.000000  39.000000  1.000000  0.000000  0.030000  0.000000  0.030000  0.030000  0.030000  0.030000  1 
0.000000  1 3 1 54540.000000  8314.000000  0.000000  0.000000  0.000000  2.000000  0.000000  1.000000  1.000000  0.000000  0.000000  0.000000  0.000000  0.000000  0.000000  0.000000  0.000000  0.000000  5.000000  5.000000  0.000000  0.000000  0.000000  0.000000  1.000000  0.000000  0.000000  40.000000  40.000000  1.000000  0.000000  0.030000  0.000000  0.030000  0.030000  0.030000  0.030000  1 
0.000000  1 3 1 54540.000000  8314.000000  0.000000  0.000000  0.000000  2.000000  0.000000  1.000000  1.000000  0.000000  0.000000  0.000000  0.000000  0.000000  0.000000  0.000000  0.000000  0.000000  3.000000  3.000000  0.000000  0.000000  0.000000  0.000000  1.000000  0.000000  0.000000  41.000000  41.000000  1.000000  0.000000  0.020000  0.000000  0.020000  0.020000  0.020000  0.020000  1 
0.000000  1 3 1 54540.000000  8314.000000  0.000000  0.000000  0.000000  2.000000  0.000000  1.000000  1.000000  0.000000  0.000000  0.000000  0.000000  0.000000  0.000000  0.000000  0.000000  0.000000  2.000000  2.000000  0.000000  0.000000  0.000000  0.000000  1.000000  0.000000  0.000000  44.000000  44.000000  1.000000  0.000000  0.020000  0.000000  0.020000  0.020000  0.020000  0.020000  1 
0.000000  1 3 1 54540.000000  8314.000000  0.000000  0.000000  0.000000  2.000000  0.000000  1.000000  1.000000  0.000000  0.000000  0.000000  0.000000  0.000000  0.000000  0.000000  0.000000  0.000000  2.000000  2.000000  0.000000  0.000000  0.000000  0.000000  1.000000  0.000000  0.000000  45.000000  45.000000  1.000000  0.000000  0.020000  0.000000  0.020000  0.020000  0.020000  0.020000  1 
0.000000  1 3 1 54540.000000  8314.000000  0.000000  0.000000  0.000000  2.000000  0.000000  1.000000  1.000000  0.000000  0.000000  0.000000  0.000000  0.000000  0.000000  0.000000  0.000000  0.000000  3.000000  3.000000  0.000000  0.000000  0.000000  0.000000  1.000000  0.000000  0.000000  46.000000  46.000000  1.000000  0.000000  0.020000  0.000000  0.020000  0.020000  0.020000  0.020000  1 
0.000000  1 3 1 54540.000000  8314.000000  0.000000  0.000000  0.000000  2.000000  0.000000  1.000000  1.000000  0.000000  0.000000  0.000000  0.000000  0.000000  0.000000  0.000000  0.000000  0.000000  3.000000  3.000000  0.000000  0.000000  0.000000  0.000000  1.000000  0.000000  0.000000  47.000000  47.000000  1.000000  0.000000  0.020000  0.000000  0.020000  0.020000  0.020000  0.020000  1 
0.000000  1 3 1 54540.000000  8314.000000  0.000000  0.000000  0.000000  2.000000  0.000000  1.000000  1.000000  0.000000  0.000000  0.000000  0.000000  0.000000  0.000000  0.000000  0.000000  0.000000  4.000000  4.000000  0.000000  0.000000  0.000000  0.000000  1.000000  0.000000  0.000000  48.000000  48.000000  1.000000  0.000000  0.020000  0.000000  0.020000  0.020000  0.020000  0.020000  1 
0.000000  1 3 1 54540.000000  8314.000000  0.000000  0.000000  0.000000  2.000000  0.000000  1.000000  1.000000  0.000000  0.000000  0.000000  0.000000  0.000000  0.000000  0.000000  0.000000  0.000000  4.000000  4.000000  0.000000  0.000000  0.000000  0.000000  1.000000  0.000000  0.000000  49.000000  49.000000  1.000000  0.000000  0.020000  0.000000  0.020000  0.020000  0.020000  0.020000  1
0.000000  1 3 1 54540.000000  8314.000000  0.000000  0.000000  0.000000  2.000000  0.000000  1.000000  1.000000  0.000000  0.000000  0.000000  0.000000  0.000000  0.000000  0.000000  0.000000  0.000000  4.000000  4.000000  0.000000  0.000000  0.000000  0.000000  1.000000  0.000000  0.000000  67.000000  67.000000  1.000000  0.000000  0.010000  0.000000  0.010000  0.010000  0.010000  0.010000  1 
0.000000  1 3 1 54540.000000  8314.000000  0.000000  0.000000  0.000000  2.000000  0.000000  1.000000  1.000000  0.000000  0.000000  0.000000  0.000000  0.000000  0.000000  0.000000  0.000000  0.000000  4.000000  4.000000  0.000000  0.000000  0.000000  0.000000  1.000000  0.000000  0.000000  68.000000  68.000000  1.000000  0.000000  0.010000  0.000000  0.010000  0.010000  0.010000  0.010000  1 
0.000000  1 3 1 54540.000000  8314.000000  0.000000  0.000000  0.000000  2.000000  0.000000  1.000000  1.000000  0.000000  0.000000  0.000000  0.000000  0.000000  0.000000  0.000000  0.000000  0.000000  5.000000  5.000000  0.000000  0.000000  0.000000  0.000000  1.000000  0.000000  0.000000  69.000000  69.000000  1.000000  0.000000  0.010000  0.000000  0.010000  0.010000  0.010000  0.010000  1 
