0.000000  1 5 1 2457.000000  494.000000  0.000000  0.000000  0.000000  0.000000  0.000000  1.000000  0.000000  0.000000  0.000000  0.000000  0.000000  0.000000  0.000000  0.000000  0.000000  0.000000  1.000000  2.000000  0.000000  0.000000  0.000000  0.000000  1.000000  0.000000  1.000000  52.000000  243.000000  0.960000  0.040000  0.020000  0.010000  0.000000  0.000000  0.000000  0.000000  0 
0.000000  1 5 1 1089.000000  492.000000  0.000000  0.000000  0.000000  0.000000  0.000000  1.000000  0.000000  0.000000  0.000000  0.000000  0.000000  0.000000  0.000000  0.000000  0.000000  0.000000  1.000000  3.000000  0.000000  0.000000  0.000000  0.000000  1.000000  0.000000  1.000000  62.000000  242.000000  0.950000  0.030000  0.020000  0.010000  0.000000  0.000000  0.000000  0.000000  0 
0.000000  1 5 1 1204.000000  499.000000  0.000000  0.000000  0.000000  0.000000  0.000000  1.000000  0.000000  0.000000  0.000000  0.000000  0.000000  0.000000  0.000000  0.000000  0.000000  0.000000  1.000000  1.000000  0.000000  0.000000  0.000000  0.000000  1.000000  0.000000  0.000000  72.000000  242.000000  0.940000  0.040000  0.010000  0.010000  0.000000  0.000000  0.000000  0.000000  0 
0.000000  2 2 1 28.000000  0.000000  0.000000  1.000000  0.000000  0.000000  0.000000  0.000000  0.000000  0.000000  0.000000  0.000000  0.000000  0.000000  0.000000  0.000000  0.000000  0.000000  1.000000  1.000000  0.000000  0.000000  0.000000  0.000000  1.000000  0.000000  0.000000  73.000000  1.000000  0.010000  0.050000  0.010000  0.000000  0.000000  0.000000  0.000000  0.000000  1 
0.000000  2 2 1 28.000000  0.000000  0.000000  3.000000  0.000000  0.000000  0.000000  0.000000  0.000000  0.000000  0.000000  0.000000  0.000000  0.000000  0.000000  0.000000  0.000000  0.000000  2.000000  2.000000  0.000000  0.000000  0.000000  0.000000  1.000000  0.000000  0.000000  74.000000  2.000000  0.030000  0.050000  0.030000  0.000000  0.000000  0.000000  0.000000  0.000000  1 
0.000000  2 2 1 28.000000  0.000000  0.000000  3.000000  0.000000  0.000000  0.000000  0.000000  0.000000  0.000000  0.000000  0.000000  0.000000  0.000000  0.000000  0.000000  0.000000  0.000000  3.000000  3.000000  0.000000  0.000000  0.000000  0.000000  1.000000  0.000000  0.000000  75.000000  3.000000  0.040000  0.050000  0.040000  0.000000  0.000000  0.000000  0.000000  0.000000  1 
0.000000  2 2 1 28.000000  0.000000  0.000000  3.000000  0.000000  0.000000  0.000000  0.000000  0.000000  0.000000  0.000000  0.000000  0.000000  0.000000  0.000000  0.000000  0.000000  0.000000  4.000000  4.000000  0.000000  0.000000  0.000000  0.000000  1.000000  0.000000  0.000000  76.000000  4.000000  0.050000  0.050000  0.050000  0.000000  0.000000  0.000000  0.000000  0.000000  1  
0.000000  2 2 1 28.000000  0.000000  0.000000  3.000000  0.000000  0.000000  0.000000  0.000000  0.000000  0.000000  0.000000  0.000000  0.000000  0.000000  0.000000  0.000000  0.000000  0.000000  8.000000  8.000000  0.000000  0.000000  0.000000  0.000000  1.000000  0.000000  0.000000  80.000000  8.000000  0.100000  0.050000  0.100000  0.000000  0.000000  0.000000  0.000000  0.000000  1 
0.000000  2 2 1 28.000000  0.000000  0.000000  3.000000  0.000000  0.000000  0.000000  0.000000  0.000000  0.000000  0.000000  0.000000  0.000000  0.000000  0.000000  0.000000  0.000000  0.000000  9.000000  9.000000  0.000000  0.000000  0.000000  0.000000  1.000000  0.000000  0.000000  81.000000  9.000000  0.110000  0.050000  0.110000  0.000000  0.000000  0.000000  0.000000  0.000000  1 
0.000000  1 5 1 5143.000000  540.000000  0.000000  0.000000  0.000000  0.000000  0.000000  1.000000  0.000000  0.000000  0.000000  0.000000  0.000000  0.000000  0.000000  0.000000  0.000000  0.000000  1.000000  2.000000  0.000000  0.000000  0.000000  0.000000  1.000000  0.000000  1.000000  255.000000  93.000000  0.360000  0.260000  0.000000  0.000000  0.260000  0.000000  0.000000  0.000000  0 
0.000000  1 5 1 1791.000000  440.000000  0.000000  0.000000  0.000000  0.000000  0.000000  1.000000  0.000000  0.000000  0.000000  0.000000  0.000000  0.000000  0.000000  0.000000  0.000000  0.000000  1.000000  2.000000  0.000000  0.000000  0.000000  0.000000  1.000000  0.000000  1.000000  255.000000  102.000000  0.400000  0.220000  0.000000  0.000000  0.220000  0.000000  0.000000  0.000000  0 
0.000000  3 1 1 1032.000000  0.000000  0.000000  0.000000  0.000000  0.000000  0.000000  0.000000  0.000000  0.000000  0.000000  0.000000  0.000000  0.000000  0.000000  0.000000  0.000000  0.000000  511.000000  511.000000  0.000000  0.000000  0.000000  0.000000  1.000000  0.000000  0.000000  255.000000  9.000000  0.040000  0.190000  0.040000  0.000000  0.180000  0.000000  0.000000  0.000000  1 
0.000000  3 1 1 1032.000000  0.000000  0.000000  0.000000  0.000000  0.000000  0.000000  0.000000  0.000000  0.000000  0.000000  0.000000  0.000000  0.000000  0.000000  0.000000  0.000000  0.000000  511.000000  511.000000  0.000000  0.000000  0.000000  0.000000  1.000000  0.000000  0.000000  255.000000  19.000000  0.070000  0.150000  0.070000  0.000000  0.150000  0.000000  0.000000  0.000000  1 
0.000000  3 1 1 1032.000000  0.000000  0.000000  0.000000  0.000000  0.000000  0.000000  0.000000  0.000000  0.000000  0.000000  0.000000  0.000000  0.000000  0.000000  0.000000  0.000000  0.000000  511.000000  511.000000  0.000000  0.000000  0.000000  0.000000  1.000000  0.000000  0.000000  255.000000  29.000000  0.110000  0.110000  0.110000  0.000000  0.110000  0.000000  0.000000  0.000000  1
15.000000  1 5 1 1855.000000  335.000000  0.000000  0.000000  0.000000  0.000000  0.000000  1.000000  0.000000  0.000000  0.000000  0.000000  0.000000  0.000000  0.000000  0.000000  0.000000  0.000000  1.000000  1.000000  0.000000  0.000000  0.000000  0.000000  1.000000  0.000000  0.000000  233.000000  143.000000  0.610000  0.020000  0.000000  0.000000  0.000000  0.000000  0.010000  0.010000  0 
0.000000  1 2 4 0.000000  0.000000  0.000000  0.000000  0.000000  0.000000  0.000000  0.000000  0.000000  0.000000  0.000000  0.000000  0.000000  0.000000  0.000000  0.000000  0.000000  0.000000  119.000000  17.000000  1.000000  1.000000  0.000000  0.000000  0.140000  0.060000  0.000000  21.000000  17.000000  0.810000  0.140000  0.050000  0.000000  1.000000  1.000000  0.000000  0.000000  1 
0.000000  1 2 4 0.000000  0.000000  0.000000  0.000000  0.000000  0.000000  0.000000  0.000000  0.000000  0.000000  0.000000  0.000000  0.000000  0.000000  0.000000  0.000000  0.000000  0.000000  128.000000  6.000000  1.000000  1.000000  0.000000  0.000000  0.050000  0.060000  0.000000  31.000000  6.000000  0.190000  0.130000  0.030000  0.000000  1.000000  1.000000  0.000000  0.000000  1 
0.000000  1 2 4 0.000000  0.000000  0.000000  0.000000  0.000000  0.000000  0.000000  0.000000  0.000000  0.000000  0.000000  0.000000  0.000000  0.000000  0.000000  0.000000  0.000000  0.000000  138.000000  16.000000  1.000000  1.000000  0.000000  0.000000  0.120000  0.060000  0.000000  41.000000  16.000000  0.390000  0.100000  0.020000  0.000000  1.000000  1.000000  0.000000  0.000000  1 
0.000000  3 1 1 1480.000000  0.000000  0.000000  1.000000  0.000000  0.000000  0.000000  0.000000  0.000000  0.000000  0.000000  0.000000  0.000000  0.000000  0.000000  0.000000  0.000000  0.000000  1.000000  1.000000  0.000000  0.000000  0.000000  0.000000  1.000000  0.000000  0.000000  255.000000  1.000000  0.000000  0.020000  0.000000  0.000000  0.000000  0.000000  0.000000  0.000000  1 
0.000000  3 1 1 1480.000000  0.000000  0.000000  1.000000  0.000000  0.000000  0.000000  0.000000  0.000000  0.000000  0.000000  0.000000  0.000000  0.000000  0.000000  0.000000  0.000000  0.000000  2.000000  2.000000  0.000000  0.000000  0.000000  0.000000  1.000000  0.000000  0.000000  255.000000  2.000000  0.010000  0.020000  0.010000  0.000000  0.000000  0.000000  0.000000  0.000000  1 
0.000000  3 1 1 1480.000000  0.000000  0.000000  1.000000  0.000000  0.000000  0.000000  0.000000  0.000000  0.000000  0.000000  0.000000  0.000000  0.000000  0.000000  0.000000  0.000000  0.000000  3.000000  3.000000  0.000000  0.000000  0.000000  0.000000  1.000000  0.000000  0.000000  255.000000  3.000000  0.010000  0.020000  0.010000  0.000000  0.000000  0.000000  0.000000  0.000000  1
14.000000  1 3 1 54540.000000  8314.000000  0.000000  0.000000  0.000000  2.000000  0.000000  1.000000  1.000000  0.000000  0.000000  0.000000  0.000000  0.000000  0.000000  0.000000  0.000000  0.000000  4.000000  4.000000  0.000000  0.000000  0.500000  0.500000  1.000000  0.000000  0.000000  18.000000  18.000000  1.000000  0.000000  0.060000  0.000000  0.000000  0.000000  0.440000  0.440000  1 
12.000000  1 3 1 54540.000000  8314.000000  0.000000  0.000000  0.000000  2.000000  0.000000  1.000000  1.000000  0.000000  0.000000  0.000000  0.000000  0.000000  0.000000  0.000000  0.000000  0.000000  4.000000  4.000000  0.000000  0.000000  0.250000  0.250000  1.000000  0.000000  0.000000  19.000000  19.000000  1.000000  0.000000  0.050000  0.000000  0.000000  0.000000  0.420000  0.420000  1 
11.000000  1 3 1 54540.000000  8314.000000  0.000000  0.000000  0.000000  2.000000  0.000000  1.000000  1.000000  0.000000  0.000000  0.000000  0.000000  0.000000  0.000000  0.000000  0.000000  0.000000  4.000000  4.000000  0.000000  0.000000  0.000000  0.000000  1.000000  0.000000  0.000000  20.000000  20.000000  1.000000  0.000000  0.050000  0.000000  0.000000  0.000000  0.400000  0.400000  1