0.000000  3 1 1 1032.000000  0.000000  0.000000  0.000000  0.000000  0.000000  0.000000  0.000000  0.000000  0.000000  0.000000  0.000000  0.000000  0.000000  0.000000  0.000000  0.000000  0.000000  511.000000  511.000000  0.000000  0.000000  0.000000  0.000000  1.000000  0.000000  0.000000  255.000000  255.000000  1.000000  0.000000  1.000000  0.000000  0.000000  0.000000  0.000000  0.000000  1 
0.000000  3 1 1 1032.000000  0.000000  0.000000  0.000000  0.000000  0.000000  0.000000  0.000000  0.000000  0.000000  0.000000  0.000000  0.000000  0.000000  0.000000  0.000000  0.000000  0.000000  511.000000  511.000000  0.000000  0.000000  0.000000  0.000000  1.000000  0.000000  0.000000  255.000000  255.000000  1.000000  0.000000  1.000000  0.000000  0.000000  0.000000  0.000000  0.000000  1 
0.000000  3 1 1 1032.000000  0.000000  0.000000  0.000000  0.000000  0.000000  0.000000  0.000000  0.000000  0.000000  0.000000  0.000000  0.000000  0.000000  0.000000  0.000000  0.000000  0.000000  511.000000  511.000000  0.000000  0.000000  0.000000  0.000000  1.000000  0.000000  0.000000  255.000000  255.000000  1.000000  0.000000  1.000000  0.000000  0.000000  0.000000  0.000000  0.000000  1 
0.000000  3 1 1 1032.000000  0.000000  0.000000  0.000000  0.000000  0.000000  0.000000  0.000000  0.000000  0.000000  0.000000  0.000000  0.000000  0.000000  0.000000  0.000000  0.000000  0.000000  511.000000  511.000000  0.000000  0.000000  0.000000  0.000000  1.000000  0.000000  0.000000  255.000000  255.000000  1.000000  0.000000  1.000000  0.000000  0.000000  0.000000  0.000000  0.000000  1 
0.000000  3 1 1 1032.000000  0.000000  0.000000  0.000000  0.000000  0.000000  0.000000  0.000000  0.000000  0.000000  0.000000  0.000000  0.000000  0.000000  0.000000  0.000000  0.000000  0.000000  511.000000  511.000000  0.000000  0.000000  0.000000  0.000000  1.000000  0.000000  0.000000  255.000000  255.000000  1.000000  0.000000  1.000000  0.000000  0.000000  0.000000  0.000000  0.000000  1 
0.000000  3 1 1 1032.000000  0.000000  0.000000  0.000000  0.000000  0.000000  0.000000  0.000000  0.000000  0.000000  0.000000  0.000000  0.000000  0.000000  0.000000  0.000000  0.000000  0.000000  511.000000  511.000000  0.000000  0.000000  0.000000  0.000000  1.000000  0.000000  0.000000  255.000000  255.000000  1.000000  0.000000  1.000000  0.000000  0.000000  0.000000  0.000000  0.000000  1 
0.000000  3 1 1 1032.000000  0.000000  0.000000  0.000000  0.000000  0.000000  0.000000  0.000000  0.000000  0.000000  0.000000  0.000000  0.000000  0.000000  0.000000  0.000000  0.000000  0.000000  511.000000  511.000000  0.000000  0.000000  0.000000  0.000000  1.000000  0.000000  0.000000  255.000000  255.000000  1.000000  0.000000  1.000000  0.000000  0.000000  0.000000  0.000000  0.000000  1 
0.000000  3 1 1 1032.000000  0.000000  0.000000  0.000000  0.000000  0.000000  0.000000  0.000000  0.000000  0.000000  0.000000  0.000000  0.000000  0.000000  0.000000  0.000000  0.000000  0.000000  511.000000  511.000000  0.000000  0.000000  0.000000  0.000000  1.000000  0.000000  0.000000  255.000000  255.000000  1.000000  0.000000  1.000000  0.000000  0.000000  0.000000  0.000000  0.000000  1 
0.000000  3 1 1 1032.000000  0.000000  0.000000  0.000000  0.000000  0.000000  0.000000  0.000000  0.000000  0.000000  0.000000  0.000000  0.000000  0.000000  0.000000  0.000000  0.000000  0.000000  511.000000  511.000000  0.000000  0.000000  0.000000  0.000000  1.000000  0.000000  0.000000  255.000000  255.000000  1.000000  0.000000  1.000000  0.000000  0.000000  0.000000  0.000000  0.000000  1 
0.000000  3 1 1 1032.000000  0.000000  0.000000  0.000000  0.000000  0.000000  0.000000  0.000000  0.000000  0.000000  0.000000  0.000000  0.000000  0.000000  0.000000  0.000000  0.000000  0.000000  511.000000  511.000000  0.000000  0.000000  0.000000  0.000000  1.000000  0.000000  0.000000  255.000000  255.000000  1.000000  0.000000  1.000000  0.000000  0.000000  0.000000  0.000000  0.000000  1 
0.000000  3 1 1 1032.000000  0.000000  0.000000  0.000000  0.000000  0.000000  0.000000  0.000000  0.000000  0.000000  0.000000  0.000000  0.000000  0.000000  0.000000  0.000000  0.000000  0.000000  511.000000  511.000000  0.000000  0.000000  0.000000  0.000000  1.000000  0.000000  0.000000  255.000000  255.000000  1.000000  0.000000  1.000000  0.000000  0.000000  0.000000  0.000000  0.000000  1 
0.000000  3 1 1 1032.000000  0.000000  0.000000  0.000000  0.000000  0.000000  0.000000  0.000000  0.000000  0.000000  0.000000  0.000000  0.000000  0.000000  0.000000  0.000000  0.000000  0.000000  511.000000  511.000000  0.000000  0.000000  0.000000  0.000000  1.000000  0.000000  0.000000  255.000000  255.000000  1.000000  0.000000  1.000000  0.000000  0.000000  0.000000  0.000000  0.000000  1 
0.000000  3 1 1 1032.000000  0.000000  0.000000  0.000000  0.000000  0.000000  0.000000  0.000000  0.000000  0.000000  0.000000  0.000000  0.000000  0.000000  0.000000  0.000000  0.000000  0.000000  511.000000  511.000000  0.000000  0.000000  0.000000  0.000000  1.000000  0.000000  0.000000  255.000000  255.000000  1.000000  0.000000  1.000000  0.000000  0.000000  0.000000  0.000000  0.000000  1 
0.000000  3 1 1 1032.000000  0.000000  0.000000  0.000000  0.000000  0.000000  0.000000  0.000000  0.000000  0.000000  0.000000  0.000000  0.000000  0.000000  0.000000  0.000000  0.000000  0.000000  511.000000  511.000000  0.000000  0.000000  0.000000  0.000000  1.000000  0.000000  0.000000  255.000000  255.000000  1.000000  0.000000  1.000000  0.000000  0.000000  0.000000  0.000000  0.000000  1 
0.000000  3 1 1 1032.000000  0.000000  0.000000  0.000000  0.000000  0.000000  0.000000  0.000000  0.000000  0.000000  0.000000  0.000000  0.000000  0.000000  0.000000  0.000000  0.000000  0.000000  511.000000  511.000000  0.000000  0.000000  0.000000  0.000000  1.000000  0.000000  0.000000  255.000000  255.000000  1.000000  0.000000  1.000000  0.000000  0.000000  0.000000  0.000000  0.000000  1 
0.000000  3 1 1 1032.000000  0.000000  0.000000  0.000000  0.000000  0.000000  0.000000  0.000000  0.000000  0.000000  0.000000  0.000000  0.000000  0.000000  0.000000  0.000000  0.000000  0.000000  511.000000  511.000000  0.000000  0.000000  0.000000  0.000000  1.000000  0.000000  0.000000  255.000000  255.000000  1.000000  0.000000  1.000000  0.000000  0.000000  0.000000  0.000000  0.000000  1 
0.000000  3 1 1 1032.000000  0.000000  0.000000  0.000000  0.000000  0.000000  0.000000  0.000000  0.000000  0.000000  0.000000  0.000000  0.000000  0.000000  0.000000  0.000000  0.000000  0.000000  511.000000  511.000000  0.000000  0.000000  0.000000  0.000000  1.000000  0.000000  0.000000  255.000000  255.000000  1.000000  0.000000  1.000000  0.000000  0.000000  0.000000  0.000000  0.000000  1 
0.000000  3 1 1 1032.000000  0.000000  0.000000  0.000000  0.000000  0.000000  0.000000  0.000000  0.000000  0.000000  0.000000  0.000000  0.000000  0.000000  0.000000  0.000000  0.000000  0.000000  511.000000  511.000000  0.000000  0.000000  0.000000  0.000000  1.000000  0.000000  0.000000  255.000000  255.000000  1.000000  0.000000  1.000000  0.000000  0.000000  0.000000  0.000000  0.000000  1 
0.000000  3 1 1 1032.000000  0.000000  0.000000  0.000000  0.000000  0.000000  0.000000  0.000000  0.000000  0.000000  0.000000  0.000000  0.000000  0.000000  0.000000  0.000000  0.000000  0.000000  511.000000  511.000000  0.000000  0.000000  0.000000  0.000000  1.000000  0.000000  0.000000  255.000000  255.000000  1.000000  0.000000  1.000000  0.000000  0.000000  0.000000  0.000000  0.000000  1 
0.000000  3 1 1 1032.000000  0.000000  0.000000  0.000000  0.000000  0.000000  0.000000  0.000000  0.000000  0.000000  0.000000  0.000000  0.000000  0.000000  0.000000  0.000000  0.000000  0.000000  511.000000  511.000000  0.000000  0.000000  0.000000  0.000000  1.000000  0.000000  0.000000  255.000000  255.000000  1.000000  0.000000  1.000000  0.000000  0.000000  0.000000  0.000000  0.000000  1 
0.000000  3 1 1 1032.000000  0.000000  0.000000  0.000000  0.000000  0.000000  0.000000  0.000000  0.000000  0.000000  0.000000  0.000000  0.000000  0.000000  0.000000  0.000000  0.000000  0.000000  511.000000  511.000000  0.000000  0.000000  0.000000  0.000000  1.000000  0.000000  0.000000  255.000000  255.000000  1.000000  0.000000  1.000000  0.000000  0.000000  0.000000  0.000000  0.000000  1 
0.000000  3 1 1 1032.000000  0.000000  0.000000  0.000000  0.000000  0.000000  0.000000  0.000000  0.000000  0.000000  0.000000  0.000000  0.000000  0.000000  0.000000  0.000000  0.000000  0.000000  511.000000  511.000000  0.000000  0.000000  0.000000  0.000000  1.000000  0.000000  0.000000  255.000000  255.000000  1.000000  0.000000  1.000000  0.000000  0.000000  0.000000  0.000000  0.000000  1 
0.000000  3 1 1 1032.000000  0.000000  0.000000  0.000000  0.000000  0.000000  0.000000  0.000000  0.000000  0.000000  0.000000  0.000000  0.000000  0.000000  0.000000  0.000000  0.000000  0.000000  511.000000  511.000000  0.000000  0.000000  0.000000  0.000000  1.000000  0.000000  0.000000  255.000000  255.000000  1.000000  0.000000  1.000000  0.000000  0.000000  0.000000  0.000000  0.000000  1 
0.000000  3 1 1 1032.000000  0.000000  0.000000  0.000000  0.000000  0.000000  0.000000  0.000000  0.000000  0.000000  0.000000  0.000000  0.000000  0.000000  0.000000  0.000000  0.000000  0.000000  511.000000  511.000000  0.000000  0.000000  0.000000  0.000000  1.000000  0.000000  0.000000  255.000000  255.000000  1.000000  0.000000  1.000000  0.000000  0.000000  0.000000  0.000000  0.000000  1 
0.000000  3 1 1 1032.000000  0.000000  0.000000  0.000000  0.000000  0.000000  0.000000  0.000000  0.000000  0.000000  0.000000  0.000000  0.000000  0.000000  0.000000  0.000000  0.000000  0.000000  510.000000  510.000000  0.000000  0.000000  0.000000  0.000000  1.000000  0.000000  0.000000  255.000000  255.000000  1.000000  0.000000  1.000000  0.000000  0.000000  0.000000  0.000000  0.000000  1 
0.000000  3 1 1 1032.000000  0.000000  0.000000  0.000000  0.000000  0.000000  0.000000  0.000000  0.000000  0.000000  0.000000  0.000000  0.000000  0.000000  0.000000  0.000000  0.000000  0.000000  511.000000  511.000000  0.000000  0.000000  0.000000  0.000000  1.000000  0.000000  0.000000  255.000000  255.000000  1.000000  0.000000  1.000000  0.000000  0.000000  0.000000  0.000000  0.000000  1 
0.000000  3 1 1 1032.000000  0.000000  0.000000  0.000000  0.000000  0.000000  0.000000  0.000000  0.000000  0.000000  0.000000  0.000000  0.000000  0.000000  0.000000  0.000000  0.000000  0.000000  511.000000  511.000000  0.000000  0.000000  0.000000  0.000000  1.000000  0.000000  0.000000  255.000000  255.000000  1.000000  0.000000  1.000000  0.000000  0.000000  0.000000  0.000000  0.000000  1 
0.000000  3 1 1 1032.000000  0.000000  0.000000  0.000000  0.000000  0.000000  0.000000  0.000000  0.000000  0.000000  0.000000  0.000000  0.000000  0.000000  0.000000  0.000000  0.000000  0.000000  511.000000  511.000000  0.000000  0.000000  0.000000  0.000000  1.000000  0.000000  0.000000  255.000000  255.000000  1.000000  0.000000  1.000000  0.000000  0.000000  0.000000  0.000000  0.000000  1 
0.000000  3 1 1 1032.000000  0.000000  0.000000  0.000000  0.000000  0.000000  0.000000  0.000000  0.000000  0.000000  0.000000  0.000000  0.000000  0.000000  0.000000  0.000000  0.000000  0.000000  511.000000  511.000000  0.000000  0.000000  0.000000  0.000000  1.000000  0.000000  0.000000  255.000000  255.000000  1.000000  0.000000  1.000000  0.000000  0.000000  0.000000  0.000000  0.000000  1 
0.000000  3 1 1 1032.000000  0.000000  0.000000  0.000000  0.000000  0.000000  0.000000  0.000000  0.000000  0.000000  0.000000  0.000000  0.000000  0.000000  0.000000  0.000000  0.000000  0.000000  511.000000  511.000000  0.000000  0.000000  0.000000  0.000000  1.000000  0.000000  0.000000  255.000000  255.000000  1.000000  0.000000  1.000000  0.000000  0.000000  0.000000  0.000000  0.000000  1 
0.000000  3 1 1 1032.000000  0.000000  0.000000  0.000000  0.000000  0.000000  0.000000  0.000000  0.000000  0.000000  0.000000  0.000000  0.000000  0.000000  0.000000  0.000000  0.000000  0.000000  511.000000  511.000000  0.000000  0.000000  0.000000  0.000000  1.000000  0.000000  0.000000  255.000000  255.000000  1.000000  0.000000  1.000000  0.000000  0.000000  0.000000  0.000000  0.000000  1 
0.000000  3 1 1 1032.000000  0.000000  0.000000  0.000000  0.000000  0.000000  0.000000  0.000000  0.000000  0.000000  0.000000  0.000000  0.000000  0.000000  0.000000  0.000000  0.000000  0.000000  511.000000  511.000000  0.000000  0.000000  0.000000  0.000000  1.000000  0.000000  0.000000  255.000000  255.000000  1.000000  0.000000  1.000000  0.000000  0.000000  0.000000  0.000000  0.000000  1 
0.000000  3 1 1 1032.000000  0.000000  0.000000  0.000000  0.000000  0.000000  0.000000  0.000000  0.000000  0.000000  0.000000  0.000000  0.000000  0.000000  0.000000  0.000000  0.000000  0.000000  511.000000  511.000000  0.000000  0.000000  0.000000  0.000000  1.000000  0.000000  0.000000  255.000000  255.000000  1.000000  0.000000  1.000000  0.000000  0.000000  0.000000  0.000000  0.000000  1 
0.000000  3 1 1 1032.000000  0.000000  0.000000  0.000000  0.000000  0.000000  0.000000  0.000000  0.000000  0.000000  0.000000  0.000000  0.000000  0.000000  0.000000  0.000000  0.000000  0.000000  511.000000  511.000000  0.000000  0.000000  0.000000  0.000000  1.000000  0.000000  0.000000  255.000000  255.000000  1.000000  0.000000  1.000000  0.000000  0.000000  0.000000  0.000000  0.000000  1 
0.000000  3 1 1 1032.000000  0.000000  0.000000  0.000000  0.000000  0.000000  0.000000  0.000000  0.000000  0.000000  0.000000  0.000000  0.000000  0.000000  0.000000  0.000000  0.000000  0.000000  511.000000  511.000000  0.000000  0.000000  0.000000  0.000000  1.000000  0.000000  0.000000  255.000000  255.000000  1.000000  0.000000  1.000000  0.000000  0.000000  0.000000  0.000000  0.000000  1 
0.000000  3 1 1 1032.000000  0.000000  0.000000  0.000000  0.000000  0.000000  0.000000  0.000000  0.000000  0.000000  0.000000  0.000000  0.000000  0.000000  0.000000  0.000000  0.000000  0.000000  511.000000  511.000000  0.000000  0.000000  0.000000  0.000000  1.000000  0.000000  0.000000  255.000000  255.000000  1.000000  0.000000  1.000000  0.000000  0.000000  0.000000  0.000000  0.000000  1 
0.000000  3 1 1 1032.000000  0.000000  0.000000  0.000000  0.000000  0.000000  0.000000  0.000000  0.000000  0.000000  0.000000  0.000000  0.000000  0.000000  0.000000  0.000000  0.000000  0.000000  511.000000  511.000000  0.000000  0.000000  0.000000  0.000000  1.000000  0.000000  0.000000  255.000000  255.000000  1.000000  0.000000  1.000000  0.000000  0.000000  0.000000  0.000000  0.000000  1 
0.000000  3 1 1 1032.000000  0.000000  0.000000  0.000000  0.000000  0.000000  0.000000  0.000000  0.000000  0.000000  0.000000  0.000000  0.000000  0.000000  0.000000  0.000000  0.000000  0.000000  511.000000  511.000000  0.000000  0.000000  0.000000  0.000000  1.000000  0.000000  0.000000  255.000000  255.000000  1.000000  0.000000  1.000000  0.000000  0.000000  0.000000  0.000000  0.000000  1 
0.000000  3 1 1 1032.000000  0.000000  0.000000  0.000000  0.000000  0.000000  0.000000  0.000000  0.000000  0.000000  0.000000  0.000000  0.000000  0.000000  0.000000  0.000000  0.000000  0.000000  511.000000  511.000000  0.000000  0.000000  0.000000  0.000000  1.000000  0.000000  0.000000  255.000000  255.000000  1.000000  0.000000  1.000000  0.000000  0.000000  0.000000  0.000000  0.000000  1 
0.000000  3 1 1 1032.000000  0.000000  0.000000  0.000000  0.000000  0.000000  0.000000  0.000000  0.000000  0.000000  0.000000  0.000000  0.000000  0.000000  0.000000  0.000000  0.000000  0.000000  511.000000  511.000000  0.000000  0.000000  0.000000  0.000000  1.000000  0.000000  0.000000  255.000000  255.000000  1.000000  0.000000  1.000000  0.000000  0.000000  0.000000  0.000000  0.000000  1 
0.000000  3 1 1 1032.000000  0.000000  0.000000  0.000000  0.000000  0.000000  0.000000  0.000000  0.000000  0.000000  0.000000  0.000000  0.000000  0.000000  0.000000  0.000000  0.000000  0.000000  511.000000  511.000000  0.000000  0.000000  0.000000  0.000000  1.000000  0.000000  0.000000  255.000000  255.000000  1.000000  0.000000  1.000000  0.000000  0.000000  0.000000  0.000000  0.000000  1 
0.000000  3 1 1 1032.000000  0.000000  0.000000  0.000000  0.000000  0.000000  0.000000  0.000000  0.000000  0.000000  0.000000  0.000000  0.000000  0.000000  0.000000  0.000000  0.000000  0.000000  511.000000  511.000000  0.000000  0.000000  0.000000  0.000000  1.000000  0.000000  0.000000  255.000000  255.000000  1.000000  0.000000  1.000000  0.000000  0.000000  0.000000  0.000000  0.000000  1 
0.000000  3 1 1 1032.000000  0.000000  0.000000  0.000000  0.000000  0.000000  0.000000  0.000000  0.000000  0.000000  0.000000  0.000000  0.000000  0.000000  0.000000  0.000000  0.000000  0.000000  511.000000  511.000000  0.000000  0.000000  0.000000  0.000000  1.000000  0.000000  0.000000  255.000000  255.000000  1.000000  0.000000  1.000000  0.000000  0.000000  0.000000  0.000000  0.000000  1 
0.000000  3 1 1 1032.000000  0.000000  0.000000  0.000000  0.000000  0.000000  0.000000  0.000000  0.000000  0.000000  0.000000  0.000000  0.000000  0.000000  0.000000  0.000000  0.000000  0.000000  511.000000  511.000000  0.000000  0.000000  0.000000  0.000000  1.000000  0.000000  0.000000  255.000000  255.000000  1.000000  0.000000  1.000000  0.000000  0.000000  0.000000  0.000000  0.000000  1 
0.000000  3 1 1 1032.000000  0.000000  0.000000  0.000000  0.000000  0.000000  0.000000  0.000000  0.000000  0.000000  0.000000  0.000000  0.000000  0.000000  0.000000  0.000000  0.000000  0.000000  511.000000  511.000000  0.000000  0.000000  0.000000  0.000000  1.000000  0.000000  0.000000  255.000000  255.000000  1.000000  0.000000  1.000000  0.000000  0.000000  0.000000  0.000000  0.000000  1 
0.000000  3 1 1 1032.000000  0.000000  0.000000  0.000000  0.000000  0.000000  0.000000  0.000000  0.000000  0.000000  0.000000  0.000000  0.000000  0.000000  0.000000  0.000000  0.000000  0.000000  511.000000  511.000000  0.000000  0.000000  0.000000  0.000000  1.000000  0.000000  0.000000  255.000000  255.000000  1.000000  0.000000  1.000000  0.000000  0.000000  0.000000  0.000000  0.000000  1 
0.000000  3 1 1 1032.000000  0.000000  0.000000  0.000000  0.000000  0.000000  0.000000  0.000000  0.000000  0.000000  0.000000  0.000000  0.000000  0.000000  0.000000  0.000000  0.000000  0.000000  511.000000  511.000000  0.000000  0.000000  0.000000  0.000000  1.000000  0.000000  0.000000  255.000000  255.000000  1.000000  0.000000  1.000000  0.000000  0.000000  0.000000  0.000000  0.000000  1 
0.000000  3 1 1 1032.000000  0.000000  0.000000  0.000000  0.000000  0.000000  0.000000  0.000000  0.000000  0.000000  0.000000  0.000000  0.000000  0.000000  0.000000  0.000000  0.000000  0.000000  511.000000  511.000000  0.000000  0.000000  0.000000  0.000000  1.000000  0.000000  0.000000  255.000000  255.000000  1.000000  0.000000  1.000000  0.000000  0.000000  0.000000  0.000000  0.000000  1 
0.000000  1 3 1 54540.000000  8314.000000  0.000000  0.000000  0.000000  2.000000  0.000000  1.000000  1.000000  0.000000  0.000000  0.000000  0.000000  0.000000  0.000000  0.000000  0.000000  0.000000  5.000000  5.000000  0.000000  0.000000  0.000000  0.000000  1.000000  0.000000  0.000000  70.000000  70.000000  1.000000  0.000000  0.010000  0.000000  0.010000  0.010000  0.010000  0.010000  1 
0.000000  1 3 1 54540.000000  8314.000000  0.000000  0.000000  0.000000  2.000000  0.000000  1.000000  1.000000  0.000000  0.000000  0.000000  0.000000  0.000000  0.000000  0.000000  0.000000  0.000000  4.000000  4.000000  0.000000  0.000000  0.000000  0.000000  1.000000  0.000000  0.000000  71.000000  71.000000  1.000000  0.000000  0.010000  0.000000  0.010000  0.010000  0.010000  0.010000  1 
0.000000  1 3 1 54540.000000  8314.000000  0.000000  0.000000  0.000000  2.000000  0.000000  1.000000  1.000000  0.000000  0.000000  0.000000  0.000000  0.000000  0.000000  0.000000  0.000000  0.000000  3.000000  3.000000  0.000000  0.000000  0.000000  0.000000  1.000000  0.000000  0.000000  72.000000  72.000000  1.000000  0.000000  0.010000  0.000000  0.010000  0.010000  0.010000  0.010000  1 
0.000000  1 3 1 54540.000000  8314.000000  0.000000  0.000000  0.000000  2.000000  0.000000  1.000000  1.000000  0.000000  0.000000  0.000000  0.000000  0.000000  0.000000  0.000000  0.000000  0.000000  3.000000  3.000000  0.000000  0.000000  0.000000  0.000000  1.000000  0.000000  0.000000  73.000000  73.000000  1.000000  0.000000  0.010000  0.000000  0.010000  0.010000  0.010000  0.010000  1 
0.000000  1 3 1 54540.000000  8314.000000  0.000000  0.000000  0.000000  2.000000  0.000000  1.000000  1.000000  0.000000  0.000000  0.000000  0.000000  0.000000  0.000000  0.000000  0.000000  0.000000  3.000000  3.000000  0.000000  0.000000  0.000000  0.000000  1.000000  0.000000  0.000000  74.000000  74.000000  1.000000  0.000000  0.010000  0.000000  0.010000  0.010000  0.010000  0.010000  1 
0.000000  1 3 1 54540.000000  8314.000000  0.000000  0.000000  0.000000  2.000000  0.000000  1.000000  1.000000  0.000000  0.000000  0.000000  0.000000  0.000000  0.000000  0.000000  0.000000  0.000000  3.000000  3.000000  0.000000  0.000000  0.000000  0.000000  1.000000  0.000000  0.000000  75.000000  75.000000  1.000000  0.000000  0.010000  0.000000  0.010000  0.010000  0.010000  0.010000  1 
0.000000  1 3 1 54540.000000  8314.000000  0.000000  0.000000  0.000000  2.000000  0.000000  1.000000  1.000000  0.000000  0.000000  0.000000  0.000000  0.000000  0.000000  0.000000  0.000000  0.000000  5.000000  5.000000  0.000000  0.000000  0.000000  0.000000  1.000000  0.000000  0.000000  76.000000  76.000000  1.000000  0.000000  0.010000  0.000000  0.010000  0.010000  0.010000  0.010000  1 
0.000000  1 3 1 54540.000000  8314.000000  0.000000  0.000000  0.000000  2.000000  0.000000  1.000000  1.000000  0.000000  0.000000  0.000000  0.000000  0.000000  0.000000  0.000000  0.000000  0.000000  2.000000  2.000000  0.000000  0.000000  0.000000  0.000000  1.000000  0.000000  0.000000  77.000000  77.000000  1.000000  0.000000  0.010000  0.000000  0.010000  0.010000  0.010000  0.010000  1 
0.000000  1 3 1 54540.000000  8314.000000  0.000000  0.000000  0.000000  2.000000  0.000000  1.000000  1.000000  0.000000  0.000000  0.000000  0.000000  0.000000  0.000000  0.000000  0.000000  0.000000  2.000000  2.000000  0.000000  0.000000  0.000000  0.000000  1.000000  0.000000  0.000000  78.000000  78.000000  1.000000  0.000000  0.010000  0.000000  0.010000  0.010000  0.010000  0.010000  1 
0.000000  1 3 1 54540.000000  8314.000000  0.000000  0.000000  0.000000  2.000000  0.000000  1.000000  1.000000  0.000000  0.000000  0.000000  0.000000  0.000000  0.000000  0.000000  0.000000  0.000000  2.000000  2.000000  0.000000  0.000000  0.000000  0.000000  1.000000  0.000000  0.000000  79.000000  79.000000  1.000000  0.000000  0.010000  0.000000  0.010000  0.010000  0.010000  0.010000  1 
0.000000  1 3 1 54540.000000  8314.000000  0.000000  0.000000  0.000000  2.000000  0.000000  1.000000  1.000000  0.000000  0.000000  0.000000  0.000000  0.000000  0.000000  0.000000  0.000000  0.000000  3.000000  3.000000  0.000000  0.000000  0.000000  0.000000  1.000000  0.000000  0.000000  80.000000  80.000000  1.000000  0.000000  0.010000  0.000000  0.010000  0.010000  0.010000  0.010000  1 
0.000000  1 3 1 54540.000000  8314.000000  0.000000  0.000000  0.000000  2.000000  0.000000  1.000000  1.000000  0.000000  0.000000  0.000000  0.000000  0.000000  0.000000  0.000000  0.000000  0.000000  3.000000  3.000000  0.000000  0.000000  0.000000  0.000000  1.000000  0.000000  0.000000  81.000000  81.000000  1.000000  0.000000  0.010000  0.000000  0.010000  0.010000  0.010000  0.010000  1 
0.000000  1 3 1 54540.000000  8314.000000  0.000000  0.000000  0.000000  2.000000  0.000000  1.000000  1.000000  0.000000  0.000000  0.000000  0.000000  0.000000  0.000000  0.000000  0.000000  0.000000  3.000000  3.000000  0.000000  0.000000  0.000000  0.000000  1.000000  0.000000  0.000000  82.000000  82.000000  1.000000  0.000000  0.010000  0.000000  0.010000  0.010000  0.010000  0.010000  1
0.000000  1 5 1 1419.000000  337.000000  0.000000  0.000000  0.000000  0.000000  0.000000  1.000000  0.000000  0.000000  0.000000  0.000000  0.000000  0.000000  0.000000  0.000000  0.000000  0.000000  2.000000  1.000000  0.000000  0.000000  0.000000  0.000000  0.500000  1.000000  0.000000  64.000000  229.000000  0.980000  0.030000  0.020000  0.010000  0.000000  0.000000  0.000000  0.000000  0 
0.000000  1 5 1 1178.000000  329.000000  0.000000  0.000000  0.000000  0.000000  0.000000  1.000000  0.000000  0.000000  0.000000  0.000000  0.000000  0.000000  0.000000  0.000000  0.000000  0.000000  2.000000  1.000000  0.000000  0.000000  0.000000  0.000000  0.500000  1.000000  0.000000  74.000000  228.000000  0.960000  0.030000  0.010000  0.010000  0.000000  0.000000  0.000000  0.000000  0 
0.000000  3 1 1 1480.000000  0.000000  0.000000  1.000000  0.000000  0.000000  0.000000  0.000000  0.000000  0.000000  0.000000  0.000000  0.000000  0.000000  0.000000  0.000000  0.000000  0.000000  2.000000  4.000000  0.000000  0.000000  0.000000  0.000000  1.000000  0.000000  0.500000  2.000000  22.000000  1.000000  0.000000  1.000000  0.500000  0.000000  0.000000  0.000000  0.000000  1 
0.000000  3 1 1 1480.000000  0.000000  0.000000  1.000000  0.000000  0.000000  0.000000  0.000000  0.000000  0.000000  0.000000  0.000000  0.000000  0.000000  0.000000  0.000000  0.000000  0.000000  1.000000  3.000000  0.000000  0.000000  0.000000  0.000000  1.000000  0.000000  0.670000  1.000000  23.000000  1.000000  0.000000  1.000000  0.520000  0.000000  0.000000  0.000000  0.000000  1 
0.000000  3 1 1 1480.000000  0.000000  0.000000  1.000000  0.000000  0.000000  0.000000  0.000000  0.000000  0.000000  0.000000  0.000000  0.000000  0.000000  0.000000  0.000000  0.000000  0.000000  2.000000  4.000000  0.000000  0.000000  0.000000  0.000000  1.000000  0.000000  0.500000  2.000000  24.000000  1.000000  0.000000  1.000000  0.500000  0.000000  0.000000  0.000000  0.000000  1 
0.000000  3 1 1 1480.000000  0.000000  0.000000  1.000000  0.000000  0.000000  0.000000  0.000000  0.000000  0.000000  0.000000  0.000000  0.000000  0.000000  0.000000  0.000000  0.000000  0.000000  1.000000  3.000000  0.000000  0.000000  0.000000  0.000000  1.000000  0.000000  0.670000  1.000000  25.000000  1.000000  0.000000  1.000000  0.520000  0.000000  0.000000  0.000000  0.000000  1 
0.000000  3 1 1 1480.000000  0.000000  0.000000  1.000000  0.000000  0.000000  0.000000  0.000000  0.000000  0.000000  0.000000  0.000000  0.000000  0.000000  0.000000  0.000000  0.000000  0.000000  2.000000  4.000000  0.000000  0.000000  0.000000  0.000000  1.000000  0.000000  0.500000  2.000000  26.000000  1.000000  0.000000  1.000000  0.500000  0.000000  0.000000  0.000000  0.000000  1 
0.000000  3 1 1 1480.000000  0.000000  0.000000  1.000000  0.000000  0.000000  0.000000  0.000000  0.000000  0.000000  0.000000  0.000000  0.000000  0.000000  0.000000  0.000000  0.000000  0.000000  1.000000  3.000000  0.000000  0.000000  0.000000  0.000000  1.000000  0.000000  0.670000  1.000000  27.000000  1.000000  0.000000  1.000000  0.520000  0.000000  0.000000  0.000000  0.000000  1 
0.000000  3 1 1 1480.000000  0.000000  0.000000  1.000000  0.000000  0.000000  0.000000  0.000000  0.000000  0.000000  0.000000  0.000000  0.000000  0.000000  0.000000  0.000000  0.000000  0.000000  2.000000  4.000000  0.000000  0.000000  0.000000  0.000000  1.000000  0.000000  0.500000  2.000000  28.000000  1.000000  0.000000  1.000000  0.500000  0.000000  0.000000  0.000000  0.000000  1 
0.000000  3 1 1 1480.000000  0.000000  0.000000  1.000000  0.000000  0.000000  0.000000  0.000000  0.000000  0.000000  0.000000  0.000000  0.000000  0.000000  0.000000  0.000000  0.000000  0.000000  1.000000  3.000000  0.000000  0.000000  0.000000  0.000000  1.000000  0.000000  0.670000  1.000000  29.000000  1.000000  0.000000  1.000000  0.520000  0.000000  0.000000  0.000000  0.000000  1 
0.000000  3 1 1 1480.000000  0.000000  0.000000  1.000000  0.000000  0.000000  0.000000  0.000000  0.000000  0.000000  0.000000  0.000000  0.000000  0.000000  0.000000  0.000000  0.000000  0.000000  2.000000  4.000000  0.000000  0.000000  0.000000  0.000000  1.000000  0.000000  0.500000  2.000000  30.000000  1.000000  0.000000  1.000000  0.500000  0.000000  0.000000  0.000000  0.000000  1 
0.000000  3 1 1 1480.000000  0.000000  0.000000  1.000000  0.000000  0.000000  0.000000  0.000000  0.000000  0.000000  0.000000  0.000000  0.000000  0.000000  0.000000  0.000000  0.000000  0.000000  1.000000  3.000000  0.000000  0.000000  0.000000  0.000000  1.000000  0.000000  0.670000  1.000000  31.000000  1.000000  0.000000  1.000000  0.520000  0.000000  0.000000  0.000000  0.000000  1 
0.000000  3 1 1 1480.000000  0.000000  0.000000  1.000000  0.000000  0.000000  0.000000  0.000000  0.000000  0.000000  0.000000  0.000000  0.000000  0.000000  0.000000  0.000000  0.000000  0.000000  2.000000  4.000000  0.000000  0.000000  0.000000  0.000000  1.000000  0.000000  0.500000  2.000000  32.000000  1.000000  0.000000  1.000000  0.500000  0.000000  0.000000  0.000000  0.000000  1 
0.000000  3 1 1 1480.000000  0.000000  0.000000  1.000000  0.000000  0.000000  0.000000  0.000000  0.000000  0.000000  0.000000  0.000000  0.000000  0.000000  0.000000  0.000000  0.000000  0.000000  1.000000  3.000000  0.000000  0.000000  0.000000  0.000000  1.000000  0.000000  0.670000  1.000000  33.000000  1.000000  0.000000  1.000000  0.520000  0.000000  0.000000  0.000000  0.000000  1 
0.000000  3 1 1 1480.000000  0.000000  0.000000  1.000000  0.000000  0.000000  0.000000  0.000000  0.000000  0.000000  0.000000  0.000000  0.000000  0.000000  0.000000  0.000000  0.000000  0.000000  2.000000  4.000000  0.000000  0.000000  0.000000  0.000000  1.000000  0.000000  0.500000  2.000000  34.000000  1.000000  0.000000  1.000000  0.500000  0.000000  0.000000  0.000000  0.000000  1 
0.000000  3 1 1 1480.000000  0.000000  0.000000  1.000000  0.000000  0.000000  0.000000  0.000000  0.000000  0.000000  0.000000  0.000000  0.000000  0.000000  0.000000  0.000000  0.000000  0.000000  1.000000  3.000000  0.000000  0.000000  0.000000  0.000000  1.000000  0.000000  0.670000  1.000000  35.000000  1.000000  0.000000  1.000000  0.510000  0.000000  0.000000  0.000000  0.000000  1 
0.000000  3 1 1 1480.000000  0.000000  0.000000  1.000000  0.000000  0.000000  0.000000  0.000000  0.000000  0.000000  0.000000  0.000000  0.000000  0.000000  0.000000  0.000000  0.000000  0.000000  2.000000  4.000000  0.000000  0.000000  0.000000  0.000000  1.000000  0.000000  0.500000  2.000000  36.000000  1.000000  0.000000  1.000000  0.500000  0.000000  0.000000  0.000000  0.000000  1 
0.000000  3 1 1 1480.000000  0.000000  0.000000  1.000000  0.000000  0.000000  0.000000  0.000000  0.000000  0.000000  0.000000  0.000000  0.000000  0.000000  0.000000  0.000000  0.000000  0.000000  1.000000  3.000000  0.000000  0.000000  0.000000  0.000000  1.000000  0.000000  0.670000  1.000000  37.000000  1.000000  0.000000  1.000000  0.510000  0.000000  0.000000  0.000000  0.000000  1 
0.000000  3 1 1 1480.000000  0.000000  0.000000  1.000000  0.000000  0.000000  0.000000  0.000000  0.000000  0.000000  0.000000  0.000000  0.000000  0.000000  0.000000  0.000000  0.000000  0.000000  2.000000  4.000000  0.000000  0.000000  0.000000  0.000000  1.000000  0.000000  0.500000  2.000000  38.000000  1.000000  0.000000  1.000000  0.500000  0.000000  0.000000  0.000000  0.000000  1 
0.000000  3 1 1 1480.000000  0.000000  0.000000  1.000000  0.000000  0.000000  0.000000  0.000000  0.000000  0.000000  0.000000  0.000000  0.000000  0.000000  0.000000  0.000000  0.000000  0.000000  1.000000  3.000000  0.000000  0.000000  0.000000  0.000000  1.000000  0.000000  0.670000  1.000000  39.000000  1.000000  0.000000  1.000000  0.510000  0.000000  0.000000  0.000000  0.000000  1 
0.000000  3 1 1 1480.000000  0.000000  0.000000  1.000000  0.000000  0.000000  0.000000  0.000000  0.000000  0.000000  0.000000  0.000000  0.000000  0.000000  0.000000  0.000000  0.000000  0.000000  2.000000  4.000000  0.000000  0.000000  0.000000  0.000000  1.000000  0.000000  0.500000  2.000000  40.000000  1.000000  0.000000  1.000000  0.500000  0.000000  0.000000  0.000000  0.000000  1 
0.000000  1 3 1 54540.000000  8314.000000  0.000000  0.000000  0.000000  2.000000  0.000000  1.000000  1.000000  0.000000  0.000000  0.000000  0.000000  0.000000  0.000000  0.000000  0.000000  0.000000  3.000000  3.000000  0.000000  0.000000  0.000000  0.000000  1.000000  0.000000  0.000000  64.000000  64.000000  1.000000  0.000000  0.020000  0.000000  0.020000  0.020000  0.020000  0.020000  1 
0.000000  1 3 1 54540.000000  8314.000000  0.000000  0.000000  0.000000  2.000000  0.000000  1.000000  1.000000  0.000000  0.000000  0.000000  0.000000  0.000000  0.000000  0.000000  0.000000  0.000000  3.000000  3.000000  0.000000  0.000000  0.000000  0.000000  1.000000  0.000000  0.000000  65.000000  65.000000  1.000000  0.000000  0.020000  0.000000  0.020000  0.020000  0.020000  0.020000  1 
0.000000  1 3 1 54540.000000  8314.000000  0.000000  0.000000  0.000000  2.000000  0.000000  1.000000  1.000000  0.000000  0.000000  0.000000  0.000000  0.000000  0.000000  0.000000  0.000000  0.000000  3.000000  3.000000  0.000000  0.000000  0.000000  0.000000  1.000000  0.000000  0.000000  66.000000  66.000000  1.000000  0.000000  0.020000  0.000000  0.020000  0.020000  0.020000  0.020000  1
0.000000  1 7 4 0.000000  0.000000  1.000000  0.000000  0.000000  0.000000  0.000000  0.000000  0.000000  0.000000  0.000000  0.000000  0.000000  0.000000  0.000000  0.000000  0.000000  0.000000  1.000000  2.000000  1.000000  1.000000  0.000000  0.000000  1.000000  0.000000  1.000000  1.000000  1.000000  1.000000  0.000000  1.000000  0.000000  1.000000  1.000000  0.000000  0.000000  1 
0.000000  1 7 4 0.000000  0.000000  1.000000  0.000000  0.000000  0.000000  0.000000  0.000000  0.000000  0.000000  0.000000  0.000000  0.000000  0.000000  0.000000  0.000000  0.000000  0.000000  1.000000  2.000000  1.000000  1.000000  0.000000  0.000000  1.000000  0.000000  1.000000  1.000000  2.000000  1.000000  0.000000  1.000000  1.000000  1.000000  1.000000  0.000000  0.000000  1 
0.000000  1 7 4 0.000000  0.000000  1.000000  0.000000  0.000000  0.000000  0.000000  0.000000  0.000000  0.000000  0.000000  0.000000  0.000000  0.000000  0.000000  0.000000  0.000000  0.000000  1.000000  2.000000  1.000000  1.000000  0.000000  0.000000  1.000000  0.000000  1.000000  1.000000  3.000000  1.000000  0.000000  1.000000  1.000000  1.000000  1.000000  0.000000  0.000000  1 
0.000000  1 7 4 0.000000  0.000000  1.000000  0.000000  0.000000  0.000000  0.000000  0.000000  0.000000  0.000000  0.000000  0.000000  0.000000  0.000000  0.000000  0.000000  0.000000  0.000000  1.000000  2.000000  1.000000  1.000000  0.000000  0.000000  1.000000  0.000000  1.000000  1.000000  4.000000  1.000000  0.000000  1.000000  1.000000  1.000000  1.000000  0.000000  0.000000  1 
0.000000  1 7 4 0.000000  0.000000  1.000000  0.000000  0.000000  0.000000  0.000000  0.000000  0.000000  0.000000  0.000000  0.000000  0.000000  0.000000  0.000000  0.000000  0.000000  0.000000  1.000000  2.000000  1.000000  1.000000  0.000000  0.000000  1.000000  0.000000  1.000000  1.000000  5.000000  1.000000  0.000000  1.000000  1.000000  1.000000  1.000000  0.000000  0.000000  1  
0.000000  3 1 1 1480.000000  0.000000  0.000000  1.000000  0.000000  0.000000  0.000000  0.000000  0.000000  0.000000  0.000000  0.000000  0.000000  0.000000  0.000000  0.000000  0.000000  0.000000  1.000000  3.000000  0.000000  0.000000  0.000000  0.000000  1.000000  0.000000  0.670000  1.000000  3.000000  1.000000  0.000000  1.000000  0.670000  0.000000  0.000000  0.000000  0.000000  1 
0.000000  3 1 1 1480.000000  0.000000  0.000000  1.000000  0.000000  0.000000  0.000000  0.000000  0.000000  0.000000  0.000000  0.000000  0.000000  0.000000  0.000000  0.000000  0.000000  0.000000  2.000000  4.000000  0.000000  0.000000  0.000000  0.000000  1.000000  0.000000  0.500000  2.000000  4.000000  1.000000  0.000000  1.000000  0.500000  0.000000  0.000000  0.000000  0.000000  1  
0.000000  3 1 1 1480.000000  0.000000  0.000000  1.000000  0.000000  0.000000  0.000000  0.000000  0.000000  0.000000  0.000000  0.000000  0.000000  0.000000  0.000000  0.000000  0.000000  0.000000  1.000000  3.000000  0.000000  0.000000  0.000000  0.000000  1.000000  0.000000  0.670000  1.000000  9.000000  1.000000  0.000000  1.000000  0.560000  0.000000  0.000000  0.000000  0.000000  1 
0.000000  3 1 1 1480.000000  0.000000  0.000000  1.000000  0.000000  0.000000  0.000000  0.000000  0.000000  0.000000  0.000000  0.000000  0.000000  0.000000  0.000000  0.000000  0.000000  0.000000  2.000000  4.000000  0.000000  0.000000  0.000000  0.000000  1.000000  0.000000  0.500000  2.000000  10.000000  1.000000  0.000000  1.000000  0.500000  0.000000  0.000000  0.000000  0.000000  1 
0.000000  3 1 1 1480.000000  0.000000  0.000000  1.000000  0.000000  0.000000  0.000000  0.000000  0.000000  0.000000  0.000000  0.000000  0.000000  0.000000  0.000000  0.000000  0.000000  0.000000  1.000000  3.000000  0.000000  0.000000  0.000000  0.000000  1.000000  0.000000  0.670000  1.000000  11.000000  1.000000  0.000000  1.000000  0.550000  0.000000  0.000000  0.000000  0.000000  1 
0.000000  3 1 1 1480.000000  0.000000  0.000000  1.000000  0.000000  0.000000  0.000000  0.000000  0.000000  0.000000  0.000000  0.000000  0.000000  0.000000  0.000000  0.000000  0.000000  0.000000  2.000000  4.000000  0.000000  0.000000  0.000000  0.000000  1.000000  0.000000  0.500000  2.000000  12.000000  1.000000  0.000000  1.000000  0.500000  0.000000  0.000000  0.000000  0.000000  1 
0.000000  3 1 1 1480.000000  0.000000  0.000000  1.000000  0.000000  0.000000  0.000000  0.000000  0.000000  0.000000  0.000000  0.000000  0.000000  0.000000  0.000000  0.000000  0.000000  0.000000  1.000000  3.000000  0.000000  0.000000  0.000000  0.000000  1.000000  0.000000  0.670000  1.000000  15.000000  1.000000  0.000000  1.000000  0.530000  0.000000  0.000000  0.000000  0.000000  1 
0.000000  3 1 1 1480.000000  0.000000  0.000000  1.000000  0.000000  0.000000  0.000000  0.000000  0.000000  0.000000  0.000000  0.000000  0.000000  0.000000  0.000000  0.000000  0.000000  0.000000  2.000000  4.000000  0.000000  0.000000  0.000000  0.000000  1.000000  0.000000  0.500000  2.000000  16.000000  1.000000  0.000000  1.000000  0.500000  0.000000  0.000000  0.000000  0.000000  1 
0.000000  1 3 1 54540.000000  8314.000000  0.000000  0.000000  0.000000  2.000000  0.000000  1.000000  1.000000  0.000000  0.000000  0.000000  0.000000  0.000000  0.000000  0.000000  0.000000  0.000000  2.000000  4.000000  0.000000  0.250000  0.000000  0.000000  1.000000  0.000000  0.500000  42.000000  42.000000  1.000000  0.000000  0.020000  0.000000  0.020000  0.020000  0.020000  0.020000  1 
0.000000  1 3 1 54540.000000  8314.000000  0.000000  0.000000  0.000000  2.000000  0.000000  1.000000  1.000000  0.000000  0.000000  0.000000  0.000000  0.000000  0.000000  0.000000  0.000000  0.000000  2.000000  4.000000  0.000000  0.250000  0.000000  0.000000  1.000000  0.000000  0.500000  43.000000  43.000000  1.000000  0.000000  0.020000  0.000000  0.020000  0.020000  0.020000  0.020000  1 
0.000000  1 3 1 54540.000000  8314.000000  0.000000  0.000000  0.000000  2.000000  0.000000  1.000000  1.000000  0.000000  0.000000  0.000000  0.000000  0.000000  0.000000  0.000000  0.000000  0.000000  3.000000  4.000000  0.000000  0.000000  0.000000  0.000000  1.000000  0.000000  0.500000  56.000000  56.000000  1.000000  0.000000  0.020000  0.000000  0.020000  0.020000  0.020000  0.020000  1 
0.000000  1 3 1 54540.000000  8314.000000  0.000000  0.000000  0.000000  2.000000  0.000000  1.000000  1.000000  0.000000  0.000000  0.000000  0.000000  0.000000  0.000000  0.000000  0.000000  0.000000  4.000000  4.000000  0.000000  0.000000  0.000000  0.000000  1.000000  0.000000  0.000000  50.000000  50.000000  1.000000  0.000000  0.020000  0.000000  0.020000  0.020000  0.020000  0.020000  1 
0.000000  1 3 1 54540.000000  8314.000000  0.000000  0.000000  0.000000  2.000000  0.000000  1.000000  1.000000  0.000000  0.000000  0.000000  0.000000  0.000000  0.000000  0.000000  0.000000  0.000000  3.000000  3.000000  0.000000  0.000000  0.000000  0.000000  1.000000  0.000000  0.000000  51.000000  51.000000  1.000000  0.000000  0.020000  0.000000  0.020000  0.020000  0.020000  0.020000  1 
0.000000  1 3 1 54540.000000  8314.000000  0.000000  0.000000  0.000000  2.000000  0.000000  1.000000  1.000000  0.000000  0.000000  0.000000  0.000000  0.000000  0.000000  0.000000  0.000000  0.000000  3.000000  3.000000  0.000000  0.000000  0.000000  0.000000  1.000000  0.000000  0.000000  52.000000  52.000000  1.000000  0.000000  0.020000  0.000000  0.020000  0.020000  0.020000  0.020000  1 
0.000000  1 3 1 54540.000000  8314.000000  0.000000  0.000000  0.000000  2.000000  0.000000  1.000000  1.000000  0.000000  0.000000  0.000000  0.000000  0.000000  0.000000  0.000000  0.000000  0.000000  4.000000  4.000000  0.000000  0.000000  0.000000  0.000000  1.000000  0.000000  0.000000  53.000000  53.000000  1.000000  0.000000  0.020000  0.000000  0.020000  0.020000  0.020000  0.020000  1 
0.000000  1 3 1 54540.000000  8314.000000  0.000000  0.000000  0.000000  2.000000  0.000000  1.000000  1.000000  0.000000  0.000000  0.000000  0.000000  0.000000  0.000000  0.000000  0.000000  0.000000  4.000000  4.000000  0.000000  0.000000  0.000000  0.000000  1.000000  0.000000  0.000000  54.000000  54.000000  1.000000  0.000000  0.020000  0.000000  0.020000  0.020000  0.020000  0.020000  1 
0.000000  1 3 1 54540.000000  8314.000000  0.000000  0.000000  0.000000  2.000000  0.000000  1.000000  1.000000  0.000000  0.000000  0.000000  0.000000  0.000000  0.000000  0.000000  0.000000  0.000000  4.000000  4.000000  0.000000  0.000000  0.000000  0.000000  1.000000  0.000000  0.000000  55.000000  55.000000  1.000000  0.000000  0.020000  0.000000  0.020000  0.020000  0.020000  0.020000  1 
0.000000  1 3 1 54540.000000  8314.000000  0.000000  0.000000  0.000000  2.000000  0.000000  1.000000  1.000000  0.000000  0.000000  0.000000  0.000000  0.000000  0.000000  0.000000  0.000000  0.000000  4.000000  5.000000  0.000000  0.000000  0.000000  0.000000  1.000000  0.000000  0.400000  57.000000  57.000000  1.000000  0.000000  0.020000  0.000000  0.020000  0.020000  0.020000  0.020000  1 
0.000000  1 3 1 54540.000000  8314.000000  0.000000  0.000000  0.000000  2.000000  0.000000  1.000000  1.000000  0.000000  0.000000  0.000000  0.000000  0.000000  0.000000  0.000000  0.000000  0.000000  4.000000  8.000000  0.000000  0.000000  0.000000  0.000000  1.000000  0.000000  0.250000  58.000000  58.000000  1.000000  0.000000  0.020000  0.000000  0.020000  0.020000  0.020000  0.020000  1 
0.000000  1 3 1 54540.000000  8314.000000  0.000000  0.000000  0.000000  2.000000  0.000000  1.000000  1.000000  0.000000  0.000000  0.000000  0.000000  0.000000  0.000000  0.000000  0.000000  0.000000  5.000000  19.000000  0.000000  0.000000  0.000000  0.000000  1.000000  0.000000  0.160000  59.000000  59.000000  1.000000  0.000000  0.020000  0.000000  0.020000  0.020000  0.020000  0.020000  1 
0.000000  1 3 1 54540.000000  8314.000000  0.000000  0.000000  0.000000  2.000000  0.000000  1.000000  1.000000  0.000000  0.000000  0.000000  0.000000  0.000000  0.000000  0.000000  0.000000  0.000000  5.000000  21.000000  0.000000  0.000000  0.000000  0.000000  1.000000  0.000000  0.140000  60.000000  60.000000  1.000000  0.000000  0.020000  0.000000  0.020000  0.020000  0.020000  0.020000  1 
0.000000  1 3 1 54540.000000  8314.000000  0.000000  0.000000  0.000000  2.000000  0.000000  1.000000  1.000000  0.000000  0.000000  0.000000  0.000000  0.000000  0.000000  0.000000  0.000000  0.000000  4.000000  19.000000  0.000000  0.000000  0.000000  0.000000  1.000000  0.000000  0.160000  61.000000  61.000000  1.000000  0.000000  0.020000  0.000000  0.020000  0.020000  0.020000  0.020000  1 
0.000000  1 3 1 54540.000000  8314.000000  0.000000  0.000000  0.000000  2.000000  0.000000  1.000000  1.000000  0.000000  0.000000  0.000000  0.000000  0.000000  0.000000  0.000000  0.000000  0.000000  3.000000  3.000000  0.000000  0.000000  0.000000  0.000000  1.000000  0.000000  0.000000  62.000000  62.000000  1.000000  0.000000  0.020000  0.000000  0.020000  0.020000  0.020000  0.020000  1 
0.000000  1 3 1 54540.000000  8314.000000  0.000000  0.000000  0.000000  2.000000  0.000000  1.000000  1.000000  0.000000  0.000000  0.000000  0.000000  0.000000  0.000000  0.000000  0.000000  0.000000  3.000000  3.000000  0.000000  0.000000  0.000000  0.000000  1.000000  0.000000  0.000000  63.000000  63.000000  1.000000  0.000000  0.020000  0.000000  0.020000  0.020000  0.020000  0.020000  1 