0 icmp eco_i SF 18 0 0 0 0 0 0 0 0 0 0 0 0 0 0 0 0 0 1 2 0.00 0.00 0.00 0.00 1.00 0.00 1.00 4 212 1.00 0.00 1.00 0.25 0.00 0.00 0.00 0.00 ipsweep.
0 icmp eco_i SF 18 0 0 0 0 0 0 0 0 0 0 0 0 0 0 0 0 0 1 1 0.00 0.00 0.00 0.00 1.00 0.00 0.00 2 222 1.00 0.00 1.00 0.25 0.00 0.00 0.00 0.00 ipsweep.
0 icmp eco_i SF 18 0 0 0 0 0 0 0 0 0 0 0 0 0 0 0 0 0 1 1 0.00 0.00 0.00 0.00 1.00 0.00 0.00 4 232 1.00 0.00 1.00 0.25 0.00 0.00 0.00 0.00 ipsweep.
0 icmp eco_i SF 18 0 0 0 0 0 0 0 0 0 0 0 0 0 0 0 0 0 1 1 0.00 0.00 0.00 0.00 1.00 0.00 0.00 2 242 1.00 0.00 1.00 0.25 0.00 0.00 0.00 0.00 ipsweep.
0 icmp eco_i SF 18 0 0 0 0 0 0 0 0 0 0 0 0 0 0 0 0 0 1 1 0.00 0.00 0.00 0.00 1.00 0.00 0.00 4 252 1.00 0.00 1.00 0.25 0.00 0.00 0.00 0.00 ipsweep.
0 icmp eco_i SF 18 0 0 0 0 0 0 0 0 0 0 0 0 0 0 0 0 0 1 1 0.00 0.00 0.00 0.00 1.00 0.00 0.00 2 255 1.00 0.00 1.00 0.25 0.00 0.00 0.00 0.00 ipsweep.
0 icmp eco_i SF 18 0 0 0 0 0 0 0 0 0 0 0 0 0 0 0 0 0 1 2 0.00 0.00 0.00 0.00 1.00 0.00 1.00 4 255 1.00 0.00 1.00 0.25 0.00 0.00 0.00 0.00 ipsweep.
0 icmp eco_i SF 18 0 0 0 0 0 0 0 0 0 0 0 0 0 0 0 0 0 1 1 0.00 0.00 0.00 0.00 1.00 0.00 0.00 2 255 1.00 0.00 1.00 0.25 0.00 0.00 0.00 0.00 ipsweep.
0 icmp eco_i SF 18 0 0 0 0 0 0 0 0 0 0 0 0 0 0 0 0 0 1 2 0.00 0.00 0.00 0.00 1.00 0.00 1.00 4 255 1.00 0.00 1.00 0.25 0.00 0.00 0.00 0.00 ipsweep.
0 icmp eco_i SF 18 0 0 0 0 0 0 0 0 0 0 0 0 0 0 0 0 0 1 1 0.00 0.00 0.00 0.00 1.00 0.00 0.00 2 255 1.00 0.00 1.00 0.25 0.00 0.00 0.00 0.00 ipsweep.
0 icmp eco_i SF 18 0 0 0 0 0 0 0 0 0 0 0 0 0 0 0 0 0 1 2 0.00 0.00 0.00 0.00 1.00 0.00 1.00 4 255 1.00 0.00 1.00 0.25 0.00 0.00 0.00 0.00 ipsweep.
0 tcp http SF 261 3834 0 0 0 0 0 1 0 0 0 0 0 0 0 0 0 0 1 1 0.00 0.00 0.00 0.00 1.00 0.00 0.00 255 252 0.99 0.01 0.00 0.00 0.00 0.00 0.00 0.00 normal.
54 tcp telnet SF 260 2635 0 0 0 0 0 1 0 1 0 2 2 1 0 0 0 0 1 1 0.00 0.00 0.00 0.00 1.00 0.00 0.00 255 1 0.00 0.01 0.00 0.00 0.00 0.00 0.00 0.00 perl.
1 tcp finger SF 6 32 0 0 0 0 0 0 0 0 0 0 0 0 0 0 0 0 4 3 0.00 0.00 0.00 0.00 0.75 0.50 0.00 255 3 0.01 0.02 0.00 0.00 0.00 0.00 0.00 0.00 satan.
0 tcp uucp REJ 0 0 0 0 0 0 0 0 0 0 0 0 0 0 0 0 0 0 3 1 0.00 0.00 0.33 1.00 0.33 1.00 0.00 255 1 0.00 0.04 0.00 0.00 0.00 0.00 0.00 1.00 satan.
0 tcp hostnames REJ 0 0 0 0 0 0 0 0 0 0 0 0 0 0 0 0 0 0 9 1 0.00 0.00 0.89 1.00 0.11 1.00 0.00 255 1 0.00 0.07 0.00 0.00 0.00 0.00 0.04 1.00 satan.
0 tcp private REJ 0 0 0 0 0 0 0 0 0 0 0 0 0 0 0 0 0 0 19 1 0.00 0.00 0.89 1.00 0.05 1.00 0.00 255 1 0.00 0.11 0.00 0.00 0.00 0.00 0.07 1.00 satan.
0 tcp http S2 6 144 0 0 0 1 0 1 0 0 0 0 0 0 0 0 0 0 29 1 0.03 1.00 0.90 0.00 0.03 1.00 0.00 255 206 0.81 0.15 0.00 0.00 0.00 0.00 0.11 0.00 satan.
2 tcp gopher SF 6 77 0 0 0 0 0 1 0 0 0 0 0 0 0 0 0 0 39 1 0.03 0.00 0.87 0.00 0.03 1.00 0.00 255 2 0.01 0.18 0.00 0.00 0.00 0.00 0.14 0.00 satan.
0 tcp private REJ 0 0 0 0 0 0 0 0 0 0 0 0 0 0 0 0 0 0 49 1 0.02 0.00 0.90 1.00 0.02 1.00 0.00 255 1 0.00 0.22 0.00 0.00 0.00 0.00 0.18 1.00 satan.
0 tcp private REJ 0 0 0 0 0 0 0 0 0 0 0 0 0 0 0 0 0 0 59 1 0.02 0.00 0.92 1.00 0.02 1.00 0.00 255 1 0.00 0.26 0.00 0.00 0.00 0.00 0.22 1.00 satan.
0 tcp private REJ 0 0 0 0 0 0 0 0 0 0 0 0 0 0 0 0 0 0 69 1 0.01 0.00 0.93 1.00 0.01 1.00 0.00 255 1 0.00 0.30 0.00 0.00 0.00 0.00 0.26 1.00 satan.
0 tcp private REJ 0 0 0 0 0 0 0 0 0 0 0 0 0 0 0 0 0 0 79 1 0.01 0.00 0.92 1.00 0.01 1.00 0.00 255 1 0.00 0.34 0.00 0.00 0.00 0.00 0.29 1.00 satan.
0 tcp ftp_data REJ 0 0 0 0 0 0 0 0 0 0 0 0 0 0 0 0 0 0 89 1 0.01 0.00 0.90 1.00 0.01 1.00 0.00 255 1 0.00 0.36 0.00 0.00 0.00 0.00 0.32 1.00 satan.
0 tcp private REJ 0 0 0 0 0 0 0 0 0 0 0 0 0 0 0 0 0 0 99 1 0.01 0.00 0.91 1.00 0.01 1.00 0.00 255 1 0.00 0.40 0.00 0.00 0.00 0.00 0.36 1.00 satan.
0 tcp pm_dump SF 44 192 0 0 0 0 0 0 0 0 0 0 0 0 0 0 0 0 109 1 0.01 0.00 0.91 0.00 0.01 1.00 0.00 255 1 0.00 0.44 0.00 0.00 0.00 0.00 0.40 0.00 satan.
0 tcp private REJ 0 0 0 0 0 0 0 0 0 0 0 0 0 0 0 0 0 0 120 1 0.01 0.00 0.92 1.00 0.01 1.00 0.00 255 1 0.00 0.48 0.00 0.00 0.00 0.00 0.44 1.00 satan.
0 tcp private REJ 0 0 0 0 0 0 0 0 0 0 0 0 0 0 0 0 0 0 130 1 0.01 0.00 0.92 1.00 0.01 1.00 0.00 255 1 0.00 0.52 0.00 0.00 0.00 0.00 0.47 1.00 satan.
0 tcp private REJ 0 0 0 0 0 0 0 0 0 0 0 0 0 0 0 0 0 0 140 1 0.04 0.00 0.88 1.00 0.01 0.99 0.00 255 1 0.00 0.56 0.00 0.00 0.02 0.00 0.49 1.00 satan.
0 tcp private REJ 0 0 0 0 0 0 0 0 0 0 0 0 0 0 0 0 0 0 150 1 0.04 0.00 0.88 1.00 0.01 0.99 0.00 255 1 0.00 0.60 0.00 0.00 0.02 0.00 0.52 1.00 satan.
0 tcp private REJ 0 0 0 0 0 0 0 0 0 0 0 0 0 0 0 0 0 0 160 1 0.04 0.00 0.89 1.00 0.01 0.99 0.00 255 1 0.00 0.64 0.00 0.00 0.02 0.00 0.56 1.00 satan.
0 tcp http SF 234 1075 0 0 0 0 0 1 0 0 0 0 0 0 0 0 0 0 7 9 0.00 0.00 0.00 0.00 1.00 0.00 0.22 255 254 1.00 0.01 0.00 0.00 0.00 0.00 0.00 0.00 normal.
0 tcp http SF 309 3222 0 0 0 0 0 1 0 0 0 0 0 0 0 0 0 0 4 4 0.00 0.00 0.00 0.00 1.00 0.00 0.00 255 254 1.00 0.01 0.00 0.00 0.00 0.00 0.00 0.00 normal.
0 tcp http SF 302 1075 0 0 0 0 0 1 0 0 0 0 0 0 0 0 0 0 7 7 0.00 0.00 0.00 0.00 1.00 0.00 0.00 255 254 1.00 0.01 0.00 0.00 0.00 0.00 0.00 0.00 normal.
305 tcp http SF 339 284 0 0 0 0 0 1 0 0 0 0 0 0 0 0 0 0 2 2 0.00 0.00 0.00 0.00 1.00 0.00 0.00 255 254 1.00 0.01 0.00 0.00 0.00 0.00 0.00 0.00 normal.
0 tcp http SF 233 2507 0 0 0 0 0 1 0 0 0 0 0 0 0 0 0 0 1 1 0.00 0.00 0.00 0.00 1.00 0.00 0.00 255 254 1.00 0.01 0.00 0.00 0.00 0.00 0.00 0.00 normal.
0 tcp http SF 302 258 0 0 0 0 0 1 0 0 0 0 0 0 0 0 0 0 2 4 0.00 0.00 0.00 0.00 1.00 0.00 0.50 255 254 1.00 0.01 0.00 0.00 0.00 0.00 0.00 0.00 normal.
0 tcp http SF 252 273544 0 0 0 0 0 1 0 0 0 0 0 0 0 0 0 0 1 1 0.00 0.00 0.00 0.00 1.00 0.00 0.00 255 254 1.00 0.01 0.00 0.00 0.00 0.00 0.00 0.00 normal.
0 tcp http SF 306 1380 0 0 0 0 0 1 0 0 0 0 0 0 0 0 0 0 4 16 0.00 0.00 0.00 0.00 1.00 0.00 0.12 255 254 1.00 0.01 0.00 0.00 0.00 0.00 0.00 0.00 normal.
0 tcp http SF 250 273 0 0 0 0 0 1 0 0 0 0 0 0 0 0 0 0 4 4 0.00 0.00 0.00 0.00 1.00 0.00 0.00 255 254 1.00 0.01 0.00 0.00 0.00 0.00 0.00 0.00 normal.
0 tcp http SF 306 1075 0 0 0 0 0 1 0 0 0 0 0 0 0 0 0 0 5 5 0.00 0.00 0.00 0.00 1.00 0.00 0.00 255 254 1.00 0.01 0.00 0.00 0.00 0.00 0.00 0.00 normal.
0 tcp http SF 261 2169 0 0 0 0 0 1 0 0 0 0 0 0 0 0 0 0 1 1 0.00 0.00 0.00 0.00 1.00 0.00 0.00 255 254 1.00 0.01 0.00 0.00 0.00 0.00 0.00 0.00 normal.
0 tcp http SF 309 3222 0 0 0 0 0 1 0 0 0 0 0 0 0 0 0 0 6 6 0.00 0.00 0.00 0.00 1.00 0.00 0.00 255 254 1.00 0.01 0.00 0.00 0.00 0.00 0.00 0.00 normal.
269 tcp http SF 305 260 0 0 0 0 0 1 0 0 0 0 0 0 0 0 0 0 9 8 0.00 0.00 0.00 0.00 0.89 0.22 0.00 255 253 0.99 0.01 0.00 0.00 0.00 0.00 0.00 0.00 normal.
0 tcp smtp SF 1521 497 0 0 0 0 0 1 0 0 0 0 0 0 0 0 0 0 1 1 0.00 0.00 0.00 0.00 1.00 0.00 0.00 255 4 0.02 0.01 0.00 0.00 0.00 0.00 0.00 0.00 normal.
0 tcp http SF 302 2507 0 0 0 0 0 1 0 0 0 0 0 0 0 0 0 0 4 4 0.00 0.00 0.00 0.00 1.00 0.00 0.00 255 251 0.98 0.01 0.00 0.00 0.00 0.00 0.00 0.00 normal.
0 tcp http SF 304 2239 0 0 0 0 0 1 0 0 0 0 0 0 0 0 0 0 7 7 0.00 0.00 0.00 0.00 1.00 0.00 0.00 255 252 0.99 0.01 0.00 0.00 0.00 0.00 0.00 0.00 normal.
0 tcp http SF 261 3834 0 0 0 0 0 1 0 0 0 0 0 0 0 0 0 0 1 1 0.00 0.00 0.00 0.00 1.00 0.00 0.00 255 252 0.99 0.01 0.00 0.00 0.00 0.00 0.00 0.00 normal.
0 tcp private SH 0 0 0 0 0 0 0 0 0 0 0 0 0 0 0 0 0 0 2 1 1.00 1.00 0.00 0.00 0.50 1.00 0.00 14 1 0.07 0.71 0.50 0.00 0.50 1.00 0.00 0.00 nmap.
0 tcp private SH 0 0 0 0 0 0 0 0 0 0 0 0 0 0 0 0 0 0 1 1 1.00 1.00 0.00 0.00 1.00 0.00 0.00 24 1 0.04 0.75 0.67 0.00 0.67 1.00 0.00 0.00 nmap.
0 tcp telnet SH 0 0 0 0 0 0 0 0 0 0 0 0 0 0 0 0 0 0 1 1 1.00 1.00 0.00 0.00 1.00 0.00 0.00 34 1 0.03 0.74 0.76 0.00 0.76 1.00 0.00 0.00 nmap.
0 tcp private SH 0 0 0 0 0 0 0 0 0 0 0 0 0 0 0 0 0 0 1 1 1.00 1.00 0.00 0.00 1.00 0.00 0.00 44 1 0.02 0.77 0.82 0.00 0.82 1.00 0.00 0.00 nmap.
0 tcp private SH 0 0 0 0 0 0 0 0 0 0 0 0 0 0 0 0 0 0 1 1 1.00 1.00 0.00 0.00 1.00 0.00 0.00 54 1 0.02 0.81 0.85 0.00 0.85 1.00 0.00 0.00 nmap.
0 tcp private SH 0 0 0 0 0 0 0 0 0 0 0 0 0 0 0 0 0 0 1 1 1.00 1.00 0.00 0.00 1.00 0.00 0.00 64 1 0.02 0.84 0.88 0.00 0.88 1.00 0.00 0.00 nmap.
0 tcp private SH 0 0 0 0 0 0 0 0 0 0 0 0 0 0 0 0 0 0 1 1 1.00 1.00 0.00 0.00 1.00 0.00 0.00 74 1 0.01 0.86 0.89 0.00 0.89 1.00 0.00 0.00 nmap.
0 tcp private SH 0 0 0 0 0 0 0 0 0 0 0 0 0 0 0 0 0 0 1 1 1.00 1.00 0.00 0.00 1.00 0.00 0.00 84 1 0.01 0.88 0.90 0.00 0.90 1.00 0.00 0.00 nmap.
0 tcp private SH 0 0 0 0 0 0 0 0 0 0 0 0 0 0 0 0 0 0 1 1 1.00 1.00 0.00 0.00 1.00 0.00 0.00 94 1 0.01 0.89 0.91 0.00 0.91 1.00 0.00 0.00 nmap.
0 tcp private SH 0 0 0 0 0 0 0 0 0 0 0 0 0 0 0 0 0 0 1 1 1.00 1.00 0.00 0.00 1.00 0.00 0.00 104 1 0.01 0.90 0.92 0.00 0.92 1.00 0.00 0.00 nmap.
0 tcp private SH 0 0 0 0 0 0 0 0 0 0 0 0 0 0 0 0 0 0 1 1 1.00 1.00 0.00 0.00 1.00 0.00 0.00 114 1 0.01 0.91 0.93 0.00 0.93 1.00 0.00 0.00 nmap.
0 tcp private SH 0 0 0 0 0 0 0 0 0 0 0 0 0 0 0 0 0 0 1 1 1.00 1.00 0.00 0.00 1.00 0.00 0.00 124 1 0.01 0.92 0.94 0.00 0.94 1.00 0.00 0.00 nmap.
0 tcp private SH 0 0 0 0 0 0 0 0 0 0 0 0 0 0 0 0 0 0 1 1 1.00 1.00 0.00 0.00 1.00 0.00 0.00 134 1 0.01 0.93 0.94 0.00 0.94 1.00 0.00 0.00 nmap.
0 tcp private SH 0 0 0 0 0 0 0 0 0 0 0 0 0 0 0 0 0 0 1 1 1.00 1.00 0.00 0.00 1.00 0.00 0.00 144 1 0.01 0.93 0.94 0.00 0.94 1.00 0.00 0.00 nmap.
0 tcp private SH 0 0 0 0 0 0 0 0 0 0 0 0 0 0 0 0 0 0 1 1 1.00 1.00 0.00 0.00 1.00 0.00 0.00 154 1 0.01 0.94 0.95 0.00 0.95 1.00 0.00 0.00 nmap.
0 tcp private SH 0 0 0 0 0 0 0 0 0 0 0 0 0 0 0 0 0 0 1 1 1.00 1.00 0.00 0.00 1.00 0.00 0.00 164 1 0.01 0.94 0.95 0.00 0.95 1.00 0.00 0.00 nmap.
0 tcp smtp SF 2319 333 0 0 0 0 0 1 0 0 0 0 0 0 0 0 0 0 1 1 0.00 0.00 0.00 0.00 1.00 0.00 0.00 203 88 0.42 0.01 0.00 0.02 0.00 0.00 0.00 0.00 normal.
1 tcp smtp SF 1123 329 0 0 0 0 0 1 0 0 0 0 0 0 0 0 0 0 1 1 0.00 0.00 0.00 0.00 1.00 0.00 0.00 213 96 0.45 0.01 0.00 0.00 0.00 0.00 0.00 0.00 normal.
1 tcp smtp SF 2634 327 0 0 0 0 0 1 0 0 0 0 0 0 0 0 0 0 1 1 0.00 0.00 0.00 0.00 1.00 0.00 0.00 223 106 0.48 0.01 0.00 0.00 0.00 0.00 0.00 0.00 normal.
10 tcp smtp SF 1358 329 0 0 0 0 0 1 0 0 0 0 0 0 0 0 0 0 1 1 0.00 0.00 0.00 0.00 1.00 0.00 0.00 233 115 0.49 0.01 0.00 0.00 0.00 0.00 0.00 0.00 normal.
0 tcp smtp SF 1126 336 0 0 0 0 0 1 0 0 0 0 0 0 0 0 0 0 1 1 0.00 0.00 0.00 0.00 1.00 0.00 0.00 243 125 0.51 0.01 0.00 0.00 0.00 0.00 0.00 0.00 normal.
37 tcp smtp SF 1722 376 0 0 0 0 0 1 0 0 0 0 0 0 0 0 0 0 1 1 0.00 0.00 0.00 0.00 1.00 0.00 0.00 253 134 0.53 0.01 0.00 0.00 0.00 0.00 0.00 0.00 normal.
0 tcp ftp_data SF 1339 0 0 0 0 0 0 0 0 0 0 0 0 0 0 0 0 0 2 2 0.00 0.00 0.00 0.00 1.00 0.00 0.00 255 120 0.47 0.01 0.47 0.00 0.00 0.01 0.00 0.00 normal.
0 tcp ftp_data SF 40494 0 0 0 0 0 0 0 0 0 0 0 0 0 0 0 0 0 10 10 0.00 0.00 0.00 0.00 1.00 0.00 0.00 255 130 0.51 0.01 0.51 0.00 0.00 0.01 0.00 0.00 normal.
10 tcp smtp SF 1608 331 0 0 0 0 0 1 0 0 0 0 0 0 0 0 0 0 1 1 0.00 0.00 0.00 0.00 1.00 0.00 0.00 255 112 0.44 0.01 0.00 0.00 0.00 0.00 0.00 0.00 normal.
8 tcp smtp SF 1129 331 0 0 0 0 0 1 0 0 0 0 0 0 0 0 0 0 1 2 0.00 0.00 0.00 0.00 1.00 0.00 1.00 255 118 0.46 0.01 0.00 0.00 0.00 0.00 0.00 0.00 normal.
6 tcp smtp SF 5086 367 0 0 0 0 0 1 0 0 0 0 0 0 0 0 0 0 1 1 0.00 0.00 0.00 0.00 1.00 0.00 0.00 255 122 0.48 0.01 0.00 0.00 0.00 0.00 0.00 0.00 normal.
5 tcp smtp SF 1091 333 0 0 0 0 0 1 0 0 0 0 0 0 0 0 0 0 1 1 0.00 0.00 0.00 0.00 1.00 0.00 0.00 255 129 0.51 0.01 0.00 0.00 0.00 0.00 0.00 0.00 normal.
0 tcp smtp SF 4854 327 0 0 0 0 0 1 0 0 0 0 0 0 0 0 0 0 1 1 0.00 0.00 0.00 0.00 1.00 0.00 0.00 255 138 0.54 0.01 0.00 0.00 0.00 0.00 0.00 0.00 normal.
0 tcp private RSTR 0 0 0 0 0 0 0 0 0 0 0 0 0 0 0 0 0 0 1 1 0.00 0.00 1.00 1.00 1.00 0.00 0.00 255 1 0.00 0.02 0.00 0.00 0.00 0.00 0.00 1.00 portsweep.
0 tcp systat RSTR 0 0 0 0 0 0 0 0 0 0 0 0 0 0 0 0 0 0 1 1 0.00 0.00 1.00 1.00 1.00 0.00 0.00 255 1 0.00 0.06 0.04 0.00 0.00 0.00 0.04 1.00 portsweep.
0 tcp ftp RSTR 0 0 0 0 0 0 0 0 0 0 0 0 0 0 0 0 0 0 1 1 0.00 0.00 1.00 1.00 1.00 0.00 0.00 255 1 0.00 0.10 0.08 0.00 0.00 0.00 0.08 1.00 portsweep.
0 tcp private RSTR 0 0 0 0 0 0 0 0 0 0 0 0 0 0 0 0 0 0 1 1 0.00 0.00 1.00 1.00 1.00 0.00 0.00 255 1 0.00 0.13 0.12 0.00 0.00 0.00 0.12 1.00 portsweep.
0 tcp private RSTR 0 0 0 0 0 0 0 0 0 0 0 0 0 0 0 0 0 0 1 1 0.00 0.00 1.00 1.00 1.00 0.00 0.00 255 1 0.00 0.17 0.16 0.00 0.00 0.00 0.16 1.00 portsweep.
0 tcp private RSTR 0 0 0 0 0 0 0 0 0 0 0 0 0 0 0 0 0 0 1 1 0.00 0.00 1.00 1.00 1.00 0.00 0.00 255 1 0.00 0.21 0.20 0.00 0.00 0.00 0.20 1.00 portsweep.
0 tcp private RSTR 0 0 0 0 0 0 0 0 0 0 0 0 0 0 0 0 0 0 1 1 0.00 0.00 1.00 1.00 1.00 0.00 0.00 255 1 0.00 0.25 0.24 0.00 0.00 0.00 0.24 1.00 portsweep.
0 tcp remote_job RSTR 0 0 0 0 0 0 0 0 0 0 0 0 0 0 0 0 0 0 1 1 0.00 0.00 1.00 1.00 1.00 0.00 0.00 255 1 0.00 0.29 0.28 0.00 0.00 0.00 0.28 1.00 portsweep.
0 tcp private RSTR 0 0 0 0 0 0 0 0 0 0 0 0 0 0 0 0 0 0 1 1 0.00 0.00 1.00 1.00 1.00 0.00 0.00 255 1 0.00 0.32 0.32 0.00 0.00 0.00 0.32 1.00 portsweep.
0 tcp private RSTR 0 0 0 0 0 0 0 0 0 0 0 0 0 0 0 0 0 0 1 1 0.00 0.00 1.00 1.00 1.00 0.00 0.00 255 1 0.00 0.36 0.36 0.00 0.00 0.00 0.36 1.00 portsweep.
0 tcp hostnames RSTR 0 0 0 0 0 0 0 0 0 0 0 0 0 0 0 0 0 0 1 1 0.00 0.00 1.00 1.00 1.00 0.00 0.00 255 1 0.00 0.40 0.40 0.00 0.00 0.00 0.40 1.00 portsweep.
0 tcp sunrpc RSTR 0 0 0 0 0 0 0 0 0 0 0 0 0 0 0 0 0 0 1 1 0.00 0.00 1.00 1.00 1.00 0.00 0.00 255 1 0.00 0.44 0.44 0.00 0.00 0.00 0.44 1.00 portsweep.
0 tcp private RSTR 0 0 0 0 0 0 0 0 0 0 0 0 0 0 0 0 0 0 1 1 0.00 0.00 1.00 1.00 1.00 0.00 0.00 255 1 0.00 0.48 0.47 0.00 0.00 0.00 0.47 1.00 portsweep.
0 tcp private RSTR 0 0 0 0 0 0 0 0 0 0 0 0 0 0 0 0 0 0 1 1 0.00 0.00 1.00 1.00 1.00 0.00 0.00 255 1 0.00 0.52 0.51 0.00 0.00 0.00 0.51 1.00 portsweep.
0 tcp private RSTR 0 0 0 0 0 0 0 0 0 0 0 0 0 0 0 0 0 0 1 1 0.00 0.00 1.00 1.00 1.00 0.00 0.00 255 1 0.00 0.56 0.55 0.00 0.00 0.00 0.55 1.00 portsweep.
0 tcp private RSTR 0 0 0 0 0 0 0 0 0 0 0 0 0 0 0 0 0 0 1 1 0.00 0.00 1.00 1.00 1.00 0.00 0.00 255 1 0.00 0.60 0.59 0.00 0.00 0.00 0.59 1.00 portsweep.
0 tcp private RSTR 0 0 0 0 0 0 0 0 0 0 0 0 0 0 0 0 0 0 1 1 0.00 0.00 1.00 1.00 1.00 0.00 0.00 255 1 0.00 0.64 0.63 0.00 0.00 0.00 0.63 1.00 portsweep.
0 tcp private RSTR 0 0 0 0 0 0 0 0 0 0 0 0 0 0 0 0 0 0 1 1 0.00 0.00 1.00 1.00 1.00 0.00 0.00 255 1 0.00 0.67 0.67 0.00 0.00 0.00 0.67 1.00 portsweep.
0 tcp private RSTR 0 0 0 0 0 0 0 0 0 0 0 0 0 0 0 0 0 0 2 1 0.00 0.00 0.50 1.00 0.50 1.00 0.00 255 1 0.00 0.71 0.71 0.00 0.00 0.00 0.71 1.00 portsweep.
0 tcp private RSTR 0 0 0 0 0 0 0 0 0 0 0 0 0 0 0 0 0 0 1 1 0.00 0.00 1.00 1.00 1.00 0.00 0.00 255 1 0.00 0.75 0.75 0.00 0.00 0.00 0.75 1.00 portsweep.
0 tcp private RSTR 0 0 0 0 0 0 0 0 0 0 0 0 0 0 0 0 0 0 1 1 0.00 0.00 1.00 1.00 1.00 0.00 0.00 255 1 0.00 0.79 0.79 0.00 0.00 0.00 0.79 1.00 portsweep.
0 tcp private RSTR 0 0 0 0 0 0 0 0 0 0 0 0 0 0 0 0 0 0 1 1 0.00 0.00 1.00 1.00 1.00 0.00 0.00 255 1 0.00 0.83 0.83 0.00 0.00 0.00 0.83 1.00 portsweep.
0 tcp private RSTR 0 0 0 0 0 0 0 0 0 0 0 0 0 0 0 0 0 0 1 1 0.00 0.00 1.00 1.00 1.00 0.00 0.00 255 1 0.00 0.87 0.87 0.00 0.00 0.00 0.87 1.00 portsweep.
0 tcp private RSTR 0 0 0 0 0 0 0 0 0 0 0 0 0 0 0 0 0 0 1 1 0.00 0.00 1.00 1.00 1.00 0.00 0.00 255 1 0.00 0.91 0.91 0.00 0.00 0.00 0.91 1.00 portsweep.
0 tcp private RSTR 0 0 0 0 0 0 0 0 0 0 0 0 0 0 0 0 0 0 1 1 0.00 0.00 1.00 1.00 1.00 0.00 0.00 255 1 0.00 0.95 0.95 0.00 0.00 0.00 0.95 1.00 portsweep.
0 tcp private RSTR 0 0 0 0 0 0 0 0 0 0 0 0 0 0 0 0 0 0 1 1 0.00 0.00 1.00 1.00 1.00 0.00 0.00 255 1 0.00 0.99 0.98 0.00 0.00 0.00 0.98 1.00 portsweep.
0 tcp private RSTR 0 0 0 0 0 0 0 0 0 0 0 0 0 0 0 0 0 0 1 1 0.00 0.00 1.00 1.00 1.00 0.00 0.00 255 1 0.00 1.00 1.00 0.00 0.00 0.00 1.00 1.00 portsweep.


