0.000000  3 6 1 18.000000  0.000000  0.000000  0.000000  0.000000  0.000000  0.000000  0.000000  0.000000  0.000000  0.000000  0.000000  0.000000  0.000000  0.000000  0.000000  0.000000  0.000000  1.000000  2.000000  0.000000  0.000000  0.000000  0.000000  1.000000  0.000000  1.000000  4.000000  212.000000  1.000000  0.000000  1.000000  0.250000  0.000000  0.000000  0.000000  0.000000  1 
0.000000  3 6 1 18.000000  0.000000  0.000000  0.000000  0.000000  0.000000  0.000000  0.000000  0.000000  0.000000  0.000000  0.000000  0.000000  0.000000  0.000000  0.000000  0.000000  0.000000  1.000000  1.000000  0.000000  0.000000  0.000000  0.000000  1.000000  0.000000  0.000000  2.000000  222.000000  1.000000  0.000000  1.000000  0.250000  0.000000  0.000000  0.000000  0.000000  1 
0.000000  3 6 1 18.000000  0.000000  0.000000  0.000000  0.000000  0.000000  0.000000  0.000000  0.000000  0.000000  0.000000  0.000000  0.000000  0.000000  0.000000  0.000000  0.000000  0.000000  1.000000  1.000000  0.000000  0.000000  0.000000  0.000000  1.000000  0.000000  0.000000  4.000000  232.000000  1.000000  0.000000  1.000000  0.250000  0.000000  0.000000  0.000000  0.000000  1 
0.000000  3 6 1 18.000000  0.000000  0.000000  0.000000  0.000000  0.000000  0.000000  0.000000  0.000000  0.000000  0.000000  0.000000  0.000000  0.000000  0.000000  0.000000  0.000000  0.000000  1.000000  1.000000  0.000000  0.000000  0.000000  0.000000  1.000000  0.000000  0.000000  2.000000  242.000000  1.000000  0.000000  1.000000  0.250000  0.000000  0.000000  0.000000  0.000000  1 
0.000000  3 6 1 18.000000  0.000000  0.000000  0.000000  0.000000  0.000000  0.000000  0.000000  0.000000  0.000000  0.000000  0.000000  0.000000  0.000000  0.000000  0.000000  0.000000  0.000000  1.000000  1.000000  0.000000  0.000000  0.000000  0.000000  1.000000  0.000000  0.000000  4.000000  252.000000  1.000000  0.000000  1.000000  0.250000  0.000000  0.000000  0.000000  0.000000  1 
0.000000  3 6 1 18.000000  0.000000  0.000000  0.000000  0.000000  0.000000  0.000000  0.000000  0.000000  0.000000  0.000000  0.000000  0.000000  0.000000  0.000000  0.000000  0.000000  0.000000  1.000000  1.000000  0.000000  0.000000  0.000000  0.000000  1.000000  0.000000  0.000000  2.000000  255.000000  1.000000  0.000000  1.000000  0.250000  0.000000  0.000000  0.000000  0.000000  1 
0.000000  3 6 1 18.000000  0.000000  0.000000  0.000000  0.000000  0.000000  0.000000  0.000000  0.000000  0.000000  0.000000  0.000000  0.000000  0.000000  0.000000  0.000000  0.000000  0.000000  1.000000  2.000000  0.000000  0.000000  0.000000  0.000000  1.000000  0.000000  1.000000  4.000000  255.000000  1.000000  0.000000  1.000000  0.250000  0.000000  0.000000  0.000000  0.000000  1 
0.000000  3 6 1 18.000000  0.000000  0.000000  0.000000  0.000000  0.000000  0.000000  0.000000  0.000000  0.000000  0.000000  0.000000  0.000000  0.000000  0.000000  0.000000  0.000000  0.000000  1.000000  1.000000  0.000000  0.000000  0.000000  0.000000  1.000000  0.000000  0.000000  2.000000  255.000000  1.000000  0.000000  1.000000  0.250000  0.000000  0.000000  0.000000  0.000000  1 
0.000000  3 6 1 18.000000  0.000000  0.000000  0.000000  0.000000  0.000000  0.000000  0.000000  0.000000  0.000000  0.000000  0.000000  0.000000  0.000000  0.000000  0.000000  0.000000  0.000000  1.000000  2.000000  0.000000  0.000000  0.000000  0.000000  1.000000  0.000000  1.000000  4.000000  255.000000  1.000000  0.000000  1.000000  0.250000  0.000000  0.000000  0.000000  0.000000  1 
0.000000  3 6 1 18.000000  0.000000  0.000000  0.000000  0.000000  0.000000  0.000000  0.000000  0.000000  0.000000  0.000000  0.000000  0.000000  0.000000  0.000000  0.000000  0.000000  0.000000  1.000000  1.000000  0.000000  0.000000  0.000000  0.000000  1.000000  0.000000  0.000000  2.000000  255.000000  1.000000  0.000000  1.000000  0.250000  0.000000  0.000000  0.000000  0.000000  1 
0.000000  3 6 1 18.000000  0.000000  0.000000  0.000000  0.000000  0.000000  0.000000  0.000000  0.000000  0.000000  0.000000  0.000000  0.000000  0.000000  0.000000  0.000000  0.000000  0.000000  1.000000  2.000000  0.000000  0.000000  0.000000  0.000000  1.000000  0.000000  1.000000  4.000000  255.000000  1.000000  0.000000  1.000000  0.250000  0.000000  0.000000  0.000000  0.000000  1 
0.000000  1 3 1 261.000000  3834.000000  0.000000  0.000000  0.000000  0.000000  0.000000  1.000000  0.000000  0.000000  0.000000  0.000000  0.000000  0.000000  0.000000  0.000000  0.000000  0.000000  1.000000  1.000000  0.000000  0.000000  0.000000  0.000000  1.000000  0.000000  0.000000  255.000000  252.000000  0.990000  0.010000  0.000000  0.000000  0.000000  0.000000  0.000000  0.000000  0 
54.000000  1 59 1 260.000000  2635.000000  0.000000  0.000000  0.000000  0.000000  0.000000  1.000000  0.000000  1.000000  0.000000  2.000000  2.000000  1.000000  0.000000  0.000000  0.000000  0.000000  1.000000  1.000000  0.000000  0.000000  0.000000  0.000000  1.000000  0.000000  0.000000  255.000000  1.000000  0.000000  0.010000  0.000000  0.000000  0.000000  0.000000  0.000000  0.000000  1 
1.000000  1 7 1 6.000000  32.000000  0.000000  0.000000  0.000000  0.000000  0.000000  0.000000  0.000000  0.000000  0.000000  0.000000  0.000000  0.000000  0.000000  0.000000  0.000000  0.000000  4.000000  3.000000  0.000000  0.000000  0.000000  0.000000  0.750000  0.500000  0.000000  255.000000  3.000000  0.010000  0.020000  0.000000  0.000000  0.000000  0.000000  0.000000  0.000000  1 
0.000000  1 65 3 0.000000  0.000000  0.000000  0.000000  0.000000  0.000000  0.000000  0.000000  0.000000  0.000000  0.000000  0.000000  0.000000  0.000000  0.000000  0.000000  0.000000  0.000000  3.000000  1.000000  0.000000  0.000000  0.330000  1.000000  0.330000  1.000000  0.000000  255.000000  1.000000  0.000000  0.040000  0.000000  0.000000  0.000000  0.000000  0.000000  1.000000  1 
0.000000  1 24 3 0.000000  0.000000  0.000000  0.000000  0.000000  0.000000  0.000000  0.000000  0.000000  0.000000  0.000000  0.000000  0.000000  0.000000  0.000000  0.000000  0.000000  0.000000  9.000000  1.000000  0.000000  0.000000  0.890000  1.000000  0.110000  1.000000  0.000000  255.000000  1.000000  0.000000  0.070000  0.000000  0.000000  0.000000  0.000000  0.040000  1.000000  1 
0.000000  1 2 3 0.000000  0.000000  0.000000  0.000000  0.000000  0.000000  0.000000  0.000000  0.000000  0.000000  0.000000  0.000000  0.000000  0.000000  0.000000  0.000000  0.000000  0.000000  19.000000  1.000000  0.000000  0.000000  0.890000  1.000000  0.050000  1.000000  0.000000  255.000000  1.000000  0.000000  0.110000  0.000000  0.000000  0.000000  0.000000  0.070000  1.000000  1 
0.000000  1 3 6 6.000000  144.000000  0.000000  0.000000  0.000000  1.000000  0.000000  1.000000  0.000000  0.000000  0.000000  0.000000  0.000000  0.000000  0.000000  0.000000  0.000000  0.000000  29.000000  1.000000  0.030000  1.000000  0.900000  0.000000  0.030000  1.000000  0.000000  255.000000  206.000000  0.810000  0.150000  0.000000  0.000000  0.000000  0.000000  0.110000  0.000000  1 
2.000000  1 22 1 6.000000  77.000000  0.000000  0.000000  0.000000  0.000000  0.000000  1.000000  0.000000  0.000000  0.000000  0.000000  0.000000  0.000000  0.000000  0.000000  0.000000  0.000000  39.000000  1.000000  0.030000  0.000000  0.870000  0.000000  0.030000  1.000000  0.000000  255.000000  2.000000  0.010000  0.180000  0.000000  0.000000  0.000000  0.000000  0.140000  0.000000  1 
0.000000  1 2 3 0.000000  0.000000  0.000000  0.000000  0.000000  0.000000  0.000000  0.000000  0.000000  0.000000  0.000000  0.000000  0.000000  0.000000  0.000000  0.000000  0.000000  0.000000  49.000000  1.000000  0.020000  0.000000  0.900000  1.000000  0.020000  1.000000  0.000000  255.000000  1.000000  0.000000  0.220000  0.000000  0.000000  0.000000  0.000000  0.180000  1.000000  1 
0.000000  1 2 3 0.000000  0.000000  0.000000  0.000000  0.000000  0.000000  0.000000  0.000000  0.000000  0.000000  0.000000  0.000000  0.000000  0.000000  0.000000  0.000000  0.000000  0.000000  59.000000  1.000000  0.020000  0.000000  0.920000  1.000000  0.020000  1.000000  0.000000  255.000000  1.000000  0.000000  0.260000  0.000000  0.000000  0.000000  0.000000  0.220000  1.000000  1 
0.000000  1 2 3 0.000000  0.000000  0.000000  0.000000  0.000000  0.000000  0.000000  0.000000  0.000000  0.000000  0.000000  0.000000  0.000000  0.000000  0.000000  0.000000  0.000000  0.000000  69.000000  1.000000  0.010000  0.000000  0.930000  1.000000  0.010000  1.000000  0.000000  255.000000  1.000000  0.000000  0.300000  0.000000  0.000000  0.000000  0.000000  0.260000  1.000000  1 
0.000000  1 2 3 0.000000  0.000000  0.000000  0.000000  0.000000  0.000000  0.000000  0.000000  0.000000  0.000000  0.000000  0.000000  0.000000  0.000000  0.000000  0.000000  0.000000  0.000000  79.000000  1.000000  0.010000  0.000000  0.920000  1.000000  0.010000  1.000000  0.000000  255.000000  1.000000  0.000000  0.340000  0.000000  0.000000  0.000000  0.000000  0.290000  1.000000  1 
0.000000  1 4 3 0.000000  0.000000  0.000000  0.000000  0.000000  0.000000  0.000000  0.000000  0.000000  0.000000  0.000000  0.000000  0.000000  0.000000  0.000000  0.000000  0.000000  0.000000  89.000000  1.000000  0.010000  0.000000  0.900000  1.000000  0.010000  1.000000  0.000000  255.000000  1.000000  0.000000  0.360000  0.000000  0.000000  0.000000  0.000000  0.320000  1.000000  1 
0.000000  1 2 3 0.000000  0.000000  0.000000  0.000000  0.000000  0.000000  0.000000  0.000000  0.000000  0.000000  0.000000  0.000000  0.000000  0.000000  0.000000  0.000000  0.000000  0.000000  99.000000  1.000000  0.010000  0.000000  0.910000  1.000000  0.010000  1.000000  0.000000  255.000000  1.000000  0.000000  0.400000  0.000000  0.000000  0.000000  0.000000  0.360000  1.000000  1 
0.000000  1 46 1 44.000000  192.000000  0.000000  0.000000  0.000000  0.000000  0.000000  0.000000  0.000000  0.000000  0.000000  0.000000  0.000000  0.000000  0.000000  0.000000  0.000000  0.000000  109.000000  1.000000  0.010000  0.000000  0.910000  0.000000  0.010000  1.000000  0.000000  255.000000  1.000000  0.000000  0.440000  0.000000  0.000000  0.000000  0.000000  0.400000  0.000000  1 
0.000000  1 2 3 0.000000  0.000000  0.000000  0.000000  0.000000  0.000000  0.000000  0.000000  0.000000  0.000000  0.000000  0.000000  0.000000  0.000000  0.000000  0.000000  0.000000  0.000000  120.000000  1.000000  0.010000  0.000000  0.920000  1.000000  0.010000  1.000000  0.000000  255.000000  1.000000  0.000000  0.480000  0.000000  0.000000  0.000000  0.000000  0.440000  1.000000  1 
0.000000  1 2 3 0.000000  0.000000  0.000000  0.000000  0.000000  0.000000  0.000000  0.000000  0.000000  0.000000  0.000000  0.000000  0.000000  0.000000  0.000000  0.000000  0.000000  0.000000  130.000000  1.000000  0.010000  0.000000  0.920000  1.000000  0.010000  1.000000  0.000000  255.000000  1.000000  0.000000  0.520000  0.000000  0.000000  0.000000  0.000000  0.470000  1.000000  1 
0.000000  1 2 3 0.000000  0.000000  0.000000  0.000000  0.000000  0.000000  0.000000  0.000000  0.000000  0.000000  0.000000  0.000000  0.000000  0.000000  0.000000  0.000000  0.000000  0.000000  140.000000  1.000000  0.040000  0.000000  0.880000  1.000000  0.010000  0.990000  0.000000  255.000000  1.000000  0.000000  0.560000  0.000000  0.000000  0.020000  0.000000  0.490000  1.000000  1 
0.000000  1 2 3 0.000000  0.000000  0.000000  0.000000  0.000000  0.000000  0.000000  0.000000  0.000000  0.000000  0.000000  0.000000  0.000000  0.000000  0.000000  0.000000  0.000000  0.000000  150.000000  1.000000  0.040000  0.000000  0.880000  1.000000  0.010000  0.990000  0.000000  255.000000  1.000000  0.000000  0.600000  0.000000  0.000000  0.020000  0.000000  0.520000  1.000000  1 
0.000000  1 2 3 0.000000  0.000000  0.000000  0.000000  0.000000  0.000000  0.000000  0.000000  0.000000  0.000000  0.000000  0.000000  0.000000  0.000000  0.000000  0.000000  0.000000  0.000000  160.000000  1.000000  0.040000  0.000000  0.890000  1.000000  0.010000  0.990000  0.000000  255.000000  1.000000  0.000000  0.640000  0.000000  0.000000  0.020000  0.000000  0.560000  1.000000  1 
0.000000  1 3 1 234.000000  1075.000000  0.000000  0.000000  0.000000  0.000000  0.000000  1.000000  0.000000  0.000000  0.000000  0.000000  0.000000  0.000000  0.000000  0.000000  0.000000  0.000000  7.000000  9.000000  0.000000  0.000000  0.000000  0.000000  1.000000  0.000000  0.220000  255.000000  254.000000  1.000000  0.010000  0.000000  0.000000  0.000000  0.000000  0.000000  0.000000  0 
0.000000  1 3 1 309.000000  3222.000000  0.000000  0.000000  0.000000  0.000000  0.000000  1.000000  0.000000  0.000000  0.000000  0.000000  0.000000  0.000000  0.000000  0.000000  0.000000  0.000000  4.000000  4.000000  0.000000  0.000000  0.000000  0.000000  1.000000  0.000000  0.000000  255.000000  254.000000  1.000000  0.010000  0.000000  0.000000  0.000000  0.000000  0.000000  0.000000  0 
0.000000  1 3 1 302.000000  1075.000000  0.000000  0.000000  0.000000  0.000000  0.000000  1.000000  0.000000  0.000000  0.000000  0.000000  0.000000  0.000000  0.000000  0.000000  0.000000  0.000000  7.000000  7.000000  0.000000  0.000000  0.000000  0.000000  1.000000  0.000000  0.000000  255.000000  254.000000  1.000000  0.010000  0.000000  0.000000  0.000000  0.000000  0.000000  0.000000  0 
305.000000  1 3 1 339.000000  284.000000  0.000000  0.000000  0.000000  0.000000  0.000000  1.000000  0.000000  0.000000  0.000000  0.000000  0.000000  0.000000  0.000000  0.000000  0.000000  0.000000  2.000000  2.000000  0.000000  0.000000  0.000000  0.000000  1.000000  0.000000  0.000000  255.000000  254.000000  1.000000  0.010000  0.000000  0.000000  0.000000  0.000000  0.000000  0.000000  0 
0.000000  1 3 1 233.000000  2507.000000  0.000000  0.000000  0.000000  0.000000  0.000000  1.000000  0.000000  0.000000  0.000000  0.000000  0.000000  0.000000  0.000000  0.000000  0.000000  0.000000  1.000000  1.000000  0.000000  0.000000  0.000000  0.000000  1.000000  0.000000  0.000000  255.000000  254.000000  1.000000  0.010000  0.000000  0.000000  0.000000  0.000000  0.000000  0.000000  0 
0.000000  1 3 1 302.000000  258.000000  0.000000  0.000000  0.000000  0.000000  0.000000  1.000000  0.000000  0.000000  0.000000  0.000000  0.000000  0.000000  0.000000  0.000000  0.000000  0.000000  2.000000  4.000000  0.000000  0.000000  0.000000  0.000000  1.000000  0.000000  0.500000  255.000000  254.000000  1.000000  0.010000  0.000000  0.000000  0.000000  0.000000  0.000000  0.000000  0 
0.000000  1 3 1 252.000000  273544.000000  0.000000  0.000000  0.000000  0.000000  0.000000  1.000000  0.000000  0.000000  0.000000  0.000000  0.000000  0.000000  0.000000  0.000000  0.000000  0.000000  1.000000  1.000000  0.000000  0.000000  0.000000  0.000000  1.000000  0.000000  0.000000  255.000000  254.000000  1.000000  0.010000  0.000000  0.000000  0.000000  0.000000  0.000000  0.000000  0 
0.000000  1 3 1 306.000000  1380.000000  0.000000  0.000000  0.000000  0.000000  0.000000  1.000000  0.000000  0.000000  0.000000  0.000000  0.000000  0.000000  0.000000  0.000000  0.000000  0.000000  4.000000  16.000000  0.000000  0.000000  0.000000  0.000000  1.000000  0.000000  0.120000  255.000000  254.000000  1.000000  0.010000  0.000000  0.000000  0.000000  0.000000  0.000000  0.000000  0 
0.000000  1 3 1 250.000000  273.000000  0.000000  0.000000  0.000000  0.000000  0.000000  1.000000  0.000000  0.000000  0.000000  0.000000  0.000000  0.000000  0.000000  0.000000  0.000000  0.000000  4.000000  4.000000  0.000000  0.000000  0.000000  0.000000  1.000000  0.000000  0.000000  255.000000  254.000000  1.000000  0.010000  0.000000  0.000000  0.000000  0.000000  0.000000  0.000000  0 
0.000000  1 3 1 306.000000  1075.000000  0.000000  0.000000  0.000000  0.000000  0.000000  1.000000  0.000000  0.000000  0.000000  0.000000  0.000000  0.000000  0.000000  0.000000  0.000000  0.000000  5.000000  5.000000  0.000000  0.000000  0.000000  0.000000  1.000000  0.000000  0.000000  255.000000  254.000000  1.000000  0.010000  0.000000  0.000000  0.000000  0.000000  0.000000  0.000000  0 
0.000000  1 3 1 261.000000  2169.000000  0.000000  0.000000  0.000000  0.000000  0.000000  1.000000  0.000000  0.000000  0.000000  0.000000  0.000000  0.000000  0.000000  0.000000  0.000000  0.000000  1.000000  1.000000  0.000000  0.000000  0.000000  0.000000  1.000000  0.000000  0.000000  255.000000  254.000000  1.000000  0.010000  0.000000  0.000000  0.000000  0.000000  0.000000  0.000000  0 
0.000000  1 3 1 309.000000  3222.000000  0.000000  0.000000  0.000000  0.000000  0.000000  1.000000  0.000000  0.000000  0.000000  0.000000  0.000000  0.000000  0.000000  0.000000  0.000000  0.000000  6.000000  6.000000  0.000000  0.000000  0.000000  0.000000  1.000000  0.000000  0.000000  255.000000  254.000000  1.000000  0.010000  0.000000  0.000000  0.000000  0.000000  0.000000  0.000000  0 
269.000000  1 3 1 305.000000  260.000000  0.000000  0.000000  0.000000  0.000000  0.000000  1.000000  0.000000  0.000000  0.000000  0.000000  0.000000  0.000000  0.000000  0.000000  0.000000  0.000000  9.000000  8.000000  0.000000  0.000000  0.000000  0.000000  0.890000  0.220000  0.000000  255.000000  253.000000  0.990000  0.010000  0.000000  0.000000  0.000000  0.000000  0.000000  0.000000  0 
0.000000  1 5 1 1521.000000  497.000000  0.000000  0.000000  0.000000  0.000000  0.000000  1.000000  0.000000  0.000000  0.000000  0.000000  0.000000  0.000000  0.000000  0.000000  0.000000  0.000000  1.000000  1.000000  0.000000  0.000000  0.000000  0.000000  1.000000  0.000000  0.000000  255.000000  4.000000  0.020000  0.010000  0.000000  0.000000  0.000000  0.000000  0.000000  0.000000  0 
0.000000  1 3 1 302.000000  2507.000000  0.000000  0.000000  0.000000  0.000000  0.000000  1.000000  0.000000  0.000000  0.000000  0.000000  0.000000  0.000000  0.000000  0.000000  0.000000  0.000000  4.000000  4.000000  0.000000  0.000000  0.000000  0.000000  1.000000  0.000000  0.000000  255.000000  251.000000  0.980000  0.010000  0.000000  0.000000  0.000000  0.000000  0.000000  0.000000  0 
0.000000  1 3 1 304.000000  2239.000000  0.000000  0.000000  0.000000  0.000000  0.000000  1.000000  0.000000  0.000000  0.000000  0.000000  0.000000  0.000000  0.000000  0.000000  0.000000  0.000000  7.000000  7.000000  0.000000  0.000000  0.000000  0.000000  1.000000  0.000000  0.000000  255.000000  252.000000  0.990000  0.010000  0.000000  0.000000  0.000000  0.000000  0.000000  0.000000  0 
0.000000  1 3 1 261.000000  3834.000000  0.000000  0.000000  0.000000  0.000000  0.000000  1.000000  0.000000  0.000000  0.000000  0.000000  0.000000  0.000000  0.000000  0.000000  0.000000  0.000000  1.000000  1.000000  0.000000  0.000000  0.000000  0.000000  1.000000  0.000000  0.000000  255.000000  252.000000  0.990000  0.010000  0.000000  0.000000  0.000000  0.000000  0.000000  0.000000  0 
0.000000  1 2 8 0.000000  0.000000  0.000000  0.000000  0.000000  0.000000  0.000000  0.000000  0.000000  0.000000  0.000000  0.000000  0.000000  0.000000  0.000000  0.000000  0.000000  0.000000  2.000000  1.000000  1.000000  1.000000  0.000000  0.000000  0.500000  1.000000  0.000000  14.000000  1.000000  0.070000  0.710000  0.500000  0.000000  0.500000  1.000000  0.000000  0.000000  1 
0.000000  1 2 8 0.000000  0.000000  0.000000  0.000000  0.000000  0.000000  0.000000  0.000000  0.000000  0.000000  0.000000  0.000000  0.000000  0.000000  0.000000  0.000000  0.000000  0.000000  1.000000  1.000000  1.000000  1.000000  0.000000  0.000000  1.000000  0.000000  0.000000  24.000000  1.000000  0.040000  0.750000  0.670000  0.000000  0.670000  1.000000  0.000000  0.000000  1 
0.000000  1 59 8 0.000000  0.000000  0.000000  0.000000  0.000000  0.000000  0.000000  0.000000  0.000000  0.000000  0.000000  0.000000  0.000000  0.000000  0.000000  0.000000  0.000000  0.000000  1.000000  1.000000  1.000000  1.000000  0.000000  0.000000  1.000000  0.000000  0.000000  34.000000  1.000000  0.030000  0.740000  0.760000  0.000000  0.760000  1.000000  0.000000  0.000000  1 
0.000000  1 2 8 0.000000  0.000000  0.000000  0.000000  0.000000  0.000000  0.000000  0.000000  0.000000  0.000000  0.000000  0.000000  0.000000  0.000000  0.000000  0.000000  0.000000  0.000000  1.000000  1.000000  1.000000  1.000000  0.000000  0.000000  1.000000  0.000000  0.000000  44.000000  1.000000  0.020000  0.770000  0.820000  0.000000  0.820000  1.000000  0.000000  0.000000  1 
0.000000  1 2 8 0.000000  0.000000  0.000000  0.000000  0.000000  0.000000  0.000000  0.000000  0.000000  0.000000  0.000000  0.000000  0.000000  0.000000  0.000000  0.000000  0.000000  0.000000  1.000000  1.000000  1.000000  1.000000  0.000000  0.000000  1.000000  0.000000  0.000000  54.000000  1.000000  0.020000  0.810000  0.850000  0.000000  0.850000  1.000000  0.000000  0.000000  1 
0.000000  1 2 8 0.000000  0.000000  0.000000  0.000000  0.000000  0.000000  0.000000  0.000000  0.000000  0.000000  0.000000  0.000000  0.000000  0.000000  0.000000  0.000000  0.000000  0.000000  1.000000  1.000000  1.000000  1.000000  0.000000  0.000000  1.000000  0.000000  0.000000  64.000000  1.000000  0.020000  0.840000  0.880000  0.000000  0.880000  1.000000  0.000000  0.000000  1 
0.000000  1 2 8 0.000000  0.000000  0.000000  0.000000  0.000000  0.000000  0.000000  0.000000  0.000000  0.000000  0.000000  0.000000  0.000000  0.000000  0.000000  0.000000  0.000000  0.000000  1.000000  1.000000  1.000000  1.000000  0.000000  0.000000  1.000000  0.000000  0.000000  74.000000  1.000000  0.010000  0.860000  0.890000  0.000000  0.890000  1.000000  0.000000  0.000000  1 
0.000000  1 2 8 0.000000  0.000000  0.000000  0.000000  0.000000  0.000000  0.000000  0.000000  0.000000  0.000000  0.000000  0.000000  0.000000  0.000000  0.000000  0.000000  0.000000  0.000000  1.000000  1.000000  1.000000  1.000000  0.000000  0.000000  1.000000  0.000000  0.000000  84.000000  1.000000  0.010000  0.880000  0.900000  0.000000  0.900000  1.000000  0.000000  0.000000  1 
0.000000  1 2 8 0.000000  0.000000  0.000000  0.000000  0.000000  0.000000  0.000000  0.000000  0.000000  0.000000  0.000000  0.000000  0.000000  0.000000  0.000000  0.000000  0.000000  0.000000  1.000000  1.000000  1.000000  1.000000  0.000000  0.000000  1.000000  0.000000  0.000000  94.000000  1.000000  0.010000  0.890000  0.910000  0.000000  0.910000  1.000000  0.000000  0.000000  1 
0.000000  1 2 8 0.000000  0.000000  0.000000  0.000000  0.000000  0.000000  0.000000  0.000000  0.000000  0.000000  0.000000  0.000000  0.000000  0.000000  0.000000  0.000000  0.000000  0.000000  1.000000  1.000000  1.000000  1.000000  0.000000  0.000000  1.000000  0.000000  0.000000  104.000000  1.000000  0.010000  0.900000  0.920000  0.000000  0.920000  1.000000  0.000000  0.000000  1 
0.000000  1 2 8 0.000000  0.000000  0.000000  0.000000  0.000000  0.000000  0.000000  0.000000  0.000000  0.000000  0.000000  0.000000  0.000000  0.000000  0.000000  0.000000  0.000000  0.000000  1.000000  1.000000  1.000000  1.000000  0.000000  0.000000  1.000000  0.000000  0.000000  114.000000  1.000000  0.010000  0.910000  0.930000  0.000000  0.930000  1.000000  0.000000  0.000000  1 
0.000000  1 2 8 0.000000  0.000000  0.000000  0.000000  0.000000  0.000000  0.000000  0.000000  0.000000  0.000000  0.000000  0.000000  0.000000  0.000000  0.000000  0.000000  0.000000  0.000000  1.000000  1.000000  1.000000  1.000000  0.000000  0.000000  1.000000  0.000000  0.000000  124.000000  1.000000  0.010000  0.920000  0.940000  0.000000  0.940000  1.000000  0.000000  0.000000  1 
0.000000  1 2 8 0.000000  0.000000  0.000000  0.000000  0.000000  0.000000  0.000000  0.000000  0.000000  0.000000  0.000000  0.000000  0.000000  0.000000  0.000000  0.000000  0.000000  0.000000  1.000000  1.000000  1.000000  1.000000  0.000000  0.000000  1.000000  0.000000  0.000000  134.000000  1.000000  0.010000  0.930000  0.940000  0.000000  0.940000  1.000000  0.000000  0.000000  1 
0.000000  1 2 8 0.000000  0.000000  0.000000  0.000000  0.000000  0.000000  0.000000  0.000000  0.000000  0.000000  0.000000  0.000000  0.000000  0.000000  0.000000  0.000000  0.000000  0.000000  1.000000  1.000000  1.000000  1.000000  0.000000  0.000000  1.000000  0.000000  0.000000  144.000000  1.000000  0.010000  0.930000  0.940000  0.000000  0.940000  1.000000  0.000000  0.000000  1 
0.000000  1 2 8 0.000000  0.000000  0.000000  0.000000  0.000000  0.000000  0.000000  0.000000  0.000000  0.000000  0.000000  0.000000  0.000000  0.000000  0.000000  0.000000  0.000000  0.000000  1.000000  1.000000  1.000000  1.000000  0.000000  0.000000  1.000000  0.000000  0.000000  154.000000  1.000000  0.010000  0.940000  0.950000  0.000000  0.950000  1.000000  0.000000  0.000000  1 
0.000000  1 2 8 0.000000  0.000000  0.000000  0.000000  0.000000  0.000000  0.000000  0.000000  0.000000  0.000000  0.000000  0.000000  0.000000  0.000000  0.000000  0.000000  0.000000  0.000000  1.000000  1.000000  1.000000  1.000000  0.000000  0.000000  1.000000  0.000000  0.000000  164.000000  1.000000  0.010000  0.940000  0.950000  0.000000  0.950000  1.000000  0.000000  0.000000  1 
0.000000  1 5 1 2319.000000  333.000000  0.000000  0.000000  0.000000  0.000000  0.000000  1.000000  0.000000  0.000000  0.000000  0.000000  0.000000  0.000000  0.000000  0.000000  0.000000  0.000000  1.000000  1.000000  0.000000  0.000000  0.000000  0.000000  1.000000  0.000000  0.000000  203.000000  88.000000  0.420000  0.010000  0.000000  0.020000  0.000000  0.000000  0.000000  0.000000  0 
1.000000  1 5 1 1123.000000  329.000000  0.000000  0.000000  0.000000  0.000000  0.000000  1.000000  0.000000  0.000000  0.000000  0.000000  0.000000  0.000000  0.000000  0.000000  0.000000  0.000000  1.000000  1.000000  0.000000  0.000000  0.000000  0.000000  1.000000  0.000000  0.000000  213.000000  96.000000  0.450000  0.010000  0.000000  0.000000  0.000000  0.000000  0.000000  0.000000  0 
1.000000  1 5 1 2634.000000  327.000000  0.000000  0.000000  0.000000  0.000000  0.000000  1.000000  0.000000  0.000000  0.000000  0.000000  0.000000  0.000000  0.000000  0.000000  0.000000  0.000000  1.000000  1.000000  0.000000  0.000000  0.000000  0.000000  1.000000  0.000000  0.000000  223.000000  106.000000  0.480000  0.010000  0.000000  0.000000  0.000000  0.000000  0.000000  0.000000  0 
10.000000  1 5 1 1358.000000  329.000000  0.000000  0.000000  0.000000  0.000000  0.000000  1.000000  0.000000  0.000000  0.000000  0.000000  0.000000  0.000000  0.000000  0.000000  0.000000  0.000000  1.000000  1.000000  0.000000  0.000000  0.000000  0.000000  1.000000  0.000000  0.000000  233.000000  115.000000  0.490000  0.010000  0.000000  0.000000  0.000000  0.000000  0.000000  0.000000  0 
0.000000  1 5 1 1126.000000  336.000000  0.000000  0.000000  0.000000  0.000000  0.000000  1.000000  0.000000  0.000000  0.000000  0.000000  0.000000  0.000000  0.000000  0.000000  0.000000  0.000000  1.000000  1.000000  0.000000  0.000000  0.000000  0.000000  1.000000  0.000000  0.000000  243.000000  125.000000  0.510000  0.010000  0.000000  0.000000  0.000000  0.000000  0.000000  0.000000  0 
37.000000  1 5 1 1722.000000  376.000000  0.000000  0.000000  0.000000  0.000000  0.000000  1.000000  0.000000  0.000000  0.000000  0.000000  0.000000  0.000000  0.000000  0.000000  0.000000  0.000000  1.000000  1.000000  0.000000  0.000000  0.000000  0.000000  1.000000  0.000000  0.000000  253.000000  134.000000  0.530000  0.010000  0.000000  0.000000  0.000000  0.000000  0.000000  0.000000  0 
0.000000  1 4 1 1339.000000  0.000000  0.000000  0.000000  0.000000  0.000000  0.000000  0.000000  0.000000  0.000000  0.000000  0.000000  0.000000  0.000000  0.000000  0.000000  0.000000  0.000000  2.000000  2.000000  0.000000  0.000000  0.000000  0.000000  1.000000  0.000000  0.000000  255.000000  120.000000  0.470000  0.010000  0.470000  0.000000  0.000000  0.010000  0.000000  0.000000  0 
0.000000  1 4 1 40494.000000  0.000000  0.000000  0.000000  0.000000  0.000000  0.000000  0.000000  0.000000  0.000000  0.000000  0.000000  0.000000  0.000000  0.000000  0.000000  0.000000  0.000000  10.000000  10.000000  0.000000  0.000000  0.000000  0.000000  1.000000  0.000000  0.000000  255.000000  130.000000  0.510000  0.010000  0.510000  0.000000  0.000000  0.010000  0.000000  0.000000  0 
10.000000  1 5 1 1608.000000  331.000000  0.000000  0.000000  0.000000  0.000000  0.000000  1.000000  0.000000  0.000000  0.000000  0.000000  0.000000  0.000000  0.000000  0.000000  0.000000  0.000000  1.000000  1.000000  0.000000  0.000000  0.000000  0.000000  1.000000  0.000000  0.000000  255.000000  112.000000  0.440000  0.010000  0.000000  0.000000  0.000000  0.000000  0.000000  0.000000  0 
8.000000  1 5 1 1129.000000  331.000000  0.000000  0.000000  0.000000  0.000000  0.000000  1.000000  0.000000  0.000000  0.000000  0.000000  0.000000  0.000000  0.000000  0.000000  0.000000  0.000000  1.000000  2.000000  0.000000  0.000000  0.000000  0.000000  1.000000  0.000000  1.000000  255.000000  118.000000  0.460000  0.010000  0.000000  0.000000  0.000000  0.000000  0.000000  0.000000  0 
6.000000  1 5 1 5086.000000  367.000000  0.000000  0.000000  0.000000  0.000000  0.000000  1.000000  0.000000  0.000000  0.000000  0.000000  0.000000  0.000000  0.000000  0.000000  0.000000  0.000000  1.000000  1.000000  0.000000  0.000000  0.000000  0.000000  1.000000  0.000000  0.000000  255.000000  122.000000  0.480000  0.010000  0.000000  0.000000  0.000000  0.000000  0.000000  0.000000  0 
5.000000  1 5 1 1091.000000  333.000000  0.000000  0.000000  0.000000  0.000000  0.000000  1.000000  0.000000  0.000000  0.000000  0.000000  0.000000  0.000000  0.000000  0.000000  0.000000  0.000000  1.000000  1.000000  0.000000  0.000000  0.000000  0.000000  1.000000  0.000000  0.000000  255.000000  129.000000  0.510000  0.010000  0.000000  0.000000  0.000000  0.000000  0.000000  0.000000  0 
0.000000  1 5 1 4854.000000  327.000000  0.000000  0.000000  0.000000  0.000000  0.000000  1.000000  0.000000  0.000000  0.000000  0.000000  0.000000  0.000000  0.000000  0.000000  0.000000  0.000000  1.000000  1.000000  0.000000  0.000000  0.000000  0.000000  1.000000  0.000000  0.000000  255.000000  138.000000  0.540000  0.010000  0.000000  0.000000  0.000000  0.000000  0.000000  0.000000  0 
0.000000  1 2 2 0.000000  0.000000  0.000000  0.000000  0.000000  0.000000  0.000000  0.000000  0.000000  0.000000  0.000000  0.000000  0.000000  0.000000  0.000000  0.000000  0.000000  0.000000  1.000000  1.000000  0.000000  0.000000  1.000000  1.000000  1.000000  0.000000  0.000000  255.000000  1.000000  0.000000  0.020000  0.000000  0.000000  0.000000  0.000000  0.000000  1.000000  1 
0.000000  1 58 2 0.000000  0.000000  0.000000  0.000000  0.000000  0.000000  0.000000  0.000000  0.000000  0.000000  0.000000  0.000000  0.000000  0.000000  0.000000  0.000000  0.000000  0.000000  1.000000  1.000000  0.000000  0.000000  1.000000  1.000000  1.000000  0.000000  0.000000  255.000000  1.000000  0.000000  0.060000  0.040000  0.000000  0.000000  0.000000  0.040000  1.000000  1 
0.000000  1 21 2 0.000000  0.000000  0.000000  0.000000  0.000000  0.000000  0.000000  0.000000  0.000000  0.000000  0.000000  0.000000  0.000000  0.000000  0.000000  0.000000  0.000000  0.000000  1.000000  1.000000  0.000000  0.000000  1.000000  1.000000  1.000000  0.000000  0.000000  255.000000  1.000000  0.000000  0.100000  0.080000  0.000000  0.000000  0.000000  0.080000  1.000000  1 
0.000000  1 2 2 0.000000  0.000000  0.000000  0.000000  0.000000  0.000000  0.000000  0.000000  0.000000  0.000000  0.000000  0.000000  0.000000  0.000000  0.000000  0.000000  0.000000  0.000000  1.000000  1.000000  0.000000  0.000000  1.000000  1.000000  1.000000  0.000000  0.000000  255.000000  1.000000  0.000000  0.130000  0.120000  0.000000  0.000000  0.000000  0.120000  1.000000  1 
0.000000  1 2 2 0.000000  0.000000  0.000000  0.000000  0.000000  0.000000  0.000000  0.000000  0.000000  0.000000  0.000000  0.000000  0.000000  0.000000  0.000000  0.000000  0.000000  0.000000  1.000000  1.000000  0.000000  0.000000  1.000000  1.000000  1.000000  0.000000  0.000000  255.000000  1.000000  0.000000  0.170000  0.160000  0.000000  0.000000  0.000000  0.160000  1.000000  1 
0.000000  1 2 2 0.000000  0.000000  0.000000  0.000000  0.000000  0.000000  0.000000  0.000000  0.000000  0.000000  0.000000  0.000000  0.000000  0.000000  0.000000  0.000000  0.000000  0.000000  1.000000  1.000000  0.000000  0.000000  1.000000  1.000000  1.000000  0.000000  0.000000  255.000000  1.000000  0.000000  0.210000  0.200000  0.000000  0.000000  0.000000  0.200000  1.000000  1 
0.000000  1 2 2 0.000000  0.000000  0.000000  0.000000  0.000000  0.000000  0.000000  0.000000  0.000000  0.000000  0.000000  0.000000  0.000000  0.000000  0.000000  0.000000  0.000000  0.000000  1.000000  1.000000  0.000000  0.000000  1.000000  1.000000  1.000000  0.000000  0.000000  255.000000  1.000000  0.000000  0.250000  0.240000  0.000000  0.000000  0.000000  0.240000  1.000000  1 
0.000000  1 51 2 0.000000  0.000000  0.000000  0.000000  0.000000  0.000000  0.000000  0.000000  0.000000  0.000000  0.000000  0.000000  0.000000  0.000000  0.000000  0.000000  0.000000  0.000000  1.000000  1.000000  0.000000  0.000000  1.000000  1.000000  1.000000  0.000000  0.000000  255.000000  1.000000  0.000000  0.290000  0.280000  0.000000  0.000000  0.000000  0.280000  1.000000  1 
0.000000  1 2 2 0.000000  0.000000  0.000000  0.000000  0.000000  0.000000  0.000000  0.000000  0.000000  0.000000  0.000000  0.000000  0.000000  0.000000  0.000000  0.000000  0.000000  0.000000  1.000000  1.000000  0.000000  0.000000  1.000000  1.000000  1.000000  0.000000  0.000000  255.000000  1.000000  0.000000  0.320000  0.320000  0.000000  0.000000  0.000000  0.320000  1.000000  1 
0.000000  1 2 2 0.000000  0.000000  0.000000  0.000000  0.000000  0.000000  0.000000  0.000000  0.000000  0.000000  0.000000  0.000000  0.000000  0.000000  0.000000  0.000000  0.000000  0.000000  1.000000  1.000000  0.000000  0.000000  1.000000  1.000000  1.000000  0.000000  0.000000  255.000000  1.000000  0.000000  0.360000  0.360000  0.000000  0.000000  0.000000  0.360000  1.000000  1 
0.000000  1 24 2 0.000000  0.000000  0.000000  0.000000  0.000000  0.000000  0.000000  0.000000  0.000000  0.000000  0.000000  0.000000  0.000000  0.000000  0.000000  0.000000  0.000000  0.000000  1.000000  1.000000  0.000000  0.000000  1.000000  1.000000  1.000000  0.000000  0.000000  255.000000  1.000000  0.000000  0.400000  0.400000  0.000000  0.000000  0.000000  0.400000  1.000000  1 
0.000000  1 56 2 0.000000  0.000000  0.000000  0.000000  0.000000  0.000000  0.000000  0.000000  0.000000  0.000000  0.000000  0.000000  0.000000  0.000000  0.000000  0.000000  0.000000  0.000000  1.000000  1.000000  0.000000  0.000000  1.000000  1.000000  1.000000  0.000000  0.000000  255.000000  1.000000  0.000000  0.440000  0.440000  0.000000  0.000000  0.000000  0.440000  1.000000  1 
0.000000  1 2 2 0.000000  0.000000  0.000000  0.000000  0.000000  0.000000  0.000000  0.000000  0.000000  0.000000  0.000000  0.000000  0.000000  0.000000  0.000000  0.000000  0.000000  0.000000  1.000000  1.000000  0.000000  0.000000  1.000000  1.000000  1.000000  0.000000  0.000000  255.000000  1.000000  0.000000  0.480000  0.470000  0.000000  0.000000  0.000000  0.470000  1.000000  1 
0.000000  1 2 2 0.000000  0.000000  0.000000  0.000000  0.000000  0.000000  0.000000  0.000000  0.000000  0.000000  0.000000  0.000000  0.000000  0.000000  0.000000  0.000000  0.000000  0.000000  1.000000  1.000000  0.000000  0.000000  1.000000  1.000000  1.000000  0.000000  0.000000  255.000000  1.000000  0.000000  0.520000  0.510000  0.000000  0.000000  0.000000  0.510000  1.000000  1 
0.000000  1 2 2 0.000000  0.000000  0.000000  0.000000  0.000000  0.000000  0.000000  0.000000  0.000000  0.000000  0.000000  0.000000  0.000000  0.000000  0.000000  0.000000  0.000000  0.000000  1.000000  1.000000  0.000000  0.000000  1.000000  1.000000  1.000000  0.000000  0.000000  255.000000  1.000000  0.000000  0.560000  0.550000  0.000000  0.000000  0.000000  0.550000  1.000000  1 
0.000000  1 2 2 0.000000  0.000000  0.000000  0.000000  0.000000  0.000000  0.000000  0.000000  0.000000  0.000000  0.000000  0.000000  0.000000  0.000000  0.000000  0.000000  0.000000  0.000000  1.000000  1.000000  0.000000  0.000000  1.000000  1.000000  1.000000  0.000000  0.000000  255.000000  1.000000  0.000000  0.600000  0.590000  0.000000  0.000000  0.000000  0.590000  1.000000  1 
0.000000  1 2 2 0.000000  0.000000  0.000000  0.000000  0.000000  0.000000  0.000000  0.000000  0.000000  0.000000  0.000000  0.000000  0.000000  0.000000  0.000000  0.000000  0.000000  0.000000  1.000000  1.000000  0.000000  0.000000  1.000000  1.000000  1.000000  0.000000  0.000000  255.000000  1.000000  0.000000  0.640000  0.630000  0.000000  0.000000  0.000000  0.630000  1.000000  1 
0.000000  1 2 2 0.000000  0.000000  0.000000  0.000000  0.000000  0.000000  0.000000  0.000000  0.000000  0.000000  0.000000  0.000000  0.000000  0.000000  0.000000  0.000000  0.000000  0.000000  1.000000  1.000000  0.000000  0.000000  1.000000  1.000000  1.000000  0.000000  0.000000  255.000000  1.000000  0.000000  0.670000  0.670000  0.000000  0.000000  0.000000  0.670000  1.000000  1 
0.000000  1 2 2 0.000000  0.000000  0.000000  0.000000  0.000000  0.000000  0.000000  0.000000  0.000000  0.000000  0.000000  0.000000  0.000000  0.000000  0.000000  0.000000  0.000000  0.000000  2.000000  1.000000  0.000000  0.000000  0.500000  1.000000  0.500000  1.000000  0.000000  255.000000  1.000000  0.000000  0.710000  0.710000  0.000000  0.000000  0.000000  0.710000  1.000000  1 
0.000000  1 2 2 0.000000  0.000000  0.000000  0.000000  0.000000  0.000000  0.000000  0.000000  0.000000  0.000000  0.000000  0.000000  0.000000  0.000000  0.000000  0.000000  0.000000  0.000000  1.000000  1.000000  0.000000  0.000000  1.000000  1.000000  1.000000  0.000000  0.000000  255.000000  1.000000  0.000000  0.750000  0.750000  0.000000  0.000000  0.000000  0.750000  1.000000  1 
0.000000  1 2 2 0.000000  0.000000  0.000000  0.000000  0.000000  0.000000  0.000000  0.000000  0.000000  0.000000  0.000000  0.000000  0.000000  0.000000  0.000000  0.000000  0.000000  0.000000  1.000000  1.000000  0.000000  0.000000  1.000000  1.000000  1.000000  0.000000  0.000000  255.000000  1.000000  0.000000  0.790000  0.790000  0.000000  0.000000  0.000000  0.790000  1.000000  1 
0.000000  1 2 2 0.000000  0.000000  0.000000  0.000000  0.000000  0.000000  0.000000  0.000000  0.000000  0.000000  0.000000  0.000000  0.000000  0.000000  0.000000  0.000000  0.000000  0.000000  1.000000  1.000000  0.000000  0.000000  1.000000  1.000000  1.000000  0.000000  0.000000  255.000000  1.000000  0.000000  0.830000  0.830000  0.000000  0.000000  0.000000  0.830000  1.000000  1 
0.000000  1 2 2 0.000000  0.000000  0.000000  0.000000  0.000000  0.000000  0.000000  0.000000  0.000000  0.000000  0.000000  0.000000  0.000000  0.000000  0.000000  0.000000  0.000000  0.000000  1.000000  1.000000  0.000000  0.000000  1.000000  1.000000  1.000000  0.000000  0.000000  255.000000  1.000000  0.000000  0.870000  0.870000  0.000000  0.000000  0.000000  0.870000  1.000000  1 
0.000000  1 2 2 0.000000  0.000000  0.000000  0.000000  0.000000  0.000000  0.000000  0.000000  0.000000  0.000000  0.000000  0.000000  0.000000  0.000000  0.000000  0.000000  0.000000  0.000000  1.000000  1.000000  0.000000  0.000000  1.000000  1.000000  1.000000  0.000000  0.000000  255.000000  1.000000  0.000000  0.910000  0.910000  0.000000  0.000000  0.000000  0.910000  1.000000  1 
0.000000  1 2 2 0.000000  0.000000  0.000000  0.000000  0.000000  0.000000  0.000000  0.000000  0.000000  0.000000  0.000000  0.000000  0.000000  0.000000  0.000000  0.000000  0.000000  0.000000  1.000000  1.000000  0.000000  0.000000  1.000000  1.000000  1.000000  0.000000  0.000000  255.000000  1.000000  0.000000  0.950000  0.950000  0.000000  0.000000  0.000000  0.950000  1.000000  1 
0.000000  1 2 2 0.000000  0.000000  0.000000  0.000000  0.000000  0.000000  0.000000  0.000000  0.000000  0.000000  0.000000  0.000000  0.000000  0.000000  0.000000  0.000000  0.000000  0.000000  1.000000  1.000000  0.000000  0.000000  1.000000  1.000000  1.000000  0.000000  0.000000  255.000000  1.000000  0.000000  0.990000  0.980000  0.000000  0.000000  0.000000  0.980000  1.000000  1 
0.000000  1 2 2 0.000000  0.000000  0.000000  0.000000  0.000000  0.000000  0.000000  0.000000  0.000000  0.000000  0.000000  0.000000  0.000000  0.000000  0.000000  0.000000  0.000000  0.000000  1.000000  1.000000  0.000000  0.000000  1.000000  1.000000  1.000000  0.000000  0.000000  255.000000  1.000000  0.000000  1.000000  1.000000  0.000000  0.000000  0.000000  1.000000  1.000000  1 
