1.000000  1 7 1 6.000000  32.000000  0.000000  0.000000  0.000000  0.000000  0.000000  0.000000  0.000000  0.000000  0.000000  0.000000  0.000000  0.000000  0.000000  0.000000  0.000000  0.000000  4.000000  3.000000  0.000000  0.000000  0.000000  0.000000  0.750000  0.500000  0.000000  255.000000  3.000000  0.010000  0.020000  0.000000  0.000000  0.000000  0.000000  0.000000  0.000000  1 
0.000000  1 65 3 0.000000  0.000000  0.000000  0.000000  0.000000  0.000000  0.000000  0.000000  0.000000  0.000000  0.000000  0.000000  0.000000  0.000000  0.000000  0.000000  0.000000  0.000000  3.000000  1.000000  0.000000  0.000000  0.330000  1.000000  0.330000  1.000000  0.000000  255.000000  1.000000  0.000000  0.040000  0.000000  0.000000  0.000000  0.000000  0.000000  1.000000  1 
0.000000  1 24 3 0.000000  0.000000  0.000000  0.000000  0.000000  0.000000  0.000000  0.000000  0.000000  0.000000  0.000000  0.000000  0.000000  0.000000  0.000000  0.000000  0.000000  0.000000  9.000000  1.000000  0.000000  0.000000  0.890000  1.000000  0.110000  1.000000  0.000000  255.000000  1.000000  0.000000  0.070000  0.000000  0.000000  0.000000  0.000000  0.040000  1.000000  1 
0.000000  1 2 3 0.000000  0.000000  0.000000  0.000000  0.000000  0.000000  0.000000  0.000000  0.000000  0.000000  0.000000  0.000000  0.000000  0.000000  0.000000  0.000000  0.000000  0.000000  19.000000  1.000000  0.000000  0.000000  0.890000  1.000000  0.050000  1.000000  0.000000  255.000000  1.000000  0.000000  0.110000  0.000000  0.000000  0.000000  0.000000  0.070000  1.000000  1  
0.000000  1 2 3 0.000000  0.000000  0.000000  0.000000  0.000000  0.000000  0.000000  0.000000  0.000000  0.000000  0.000000  0.000000  0.000000  0.000000  0.000000  0.000000  0.000000  0.000000  19.000000  1.000000  0.000000  0.000000  0.890000  1.000000  0.050000  1.000000  0.000000  255.000000  1.000000  0.000000  0.110000  0.000000  0.000000  0.000000  0.000000  0.070000  1.000000  1 
2.000000  1 22 1 6.000000  77.000000  0.000000  0.000000  0.000000  0.000000  0.000000  1.000000  0.000000  0.000000  0.000000  0.000000  0.000000  0.000000  0.000000  0.000000  0.000000  0.000000  39.000000  1.000000  0.030000  0.000000  0.870000  0.000000  0.030000  1.000000  0.000000  255.000000  2.000000  0.010000  0.180000  0.000000  0.000000  0.000000  0.000000  0.140000  0.000000  1 
0.000000  1 2 3 0.000000  0.000000  0.000000  0.000000  0.000000  0.000000  0.000000  0.000000  0.000000  0.000000  0.000000  0.000000  0.000000  0.000000  0.000000  0.000000  0.000000  0.000000  49.000000  1.000000  0.020000  0.000000  0.900000  1.000000  0.020000  1.000000  0.000000  255.000000  1.000000  0.000000  0.220000  0.000000  0.000000  0.000000  0.000000  0.180000  1.000000  1 
0.000000  1 2 3 0.000000  0.000000  0.000000  0.000000  0.000000  0.000000  0.000000  0.000000  0.000000  0.000000  0.000000  0.000000  0.000000  0.000000  0.000000  0.000000  0.000000  0.000000  59.000000  1.000000  0.020000  0.000000  0.920000  1.000000  0.020000  1.000000  0.000000  255.000000  1.000000  0.000000  0.260000  0.000000  0.000000  0.000000  0.000000  0.220000  1.000000  1 
0.000000  1 2 3 0.000000  0.000000  0.000000  0.000000  0.000000  0.000000  0.000000  0.000000  0.000000  0.000000  0.000000  0.000000  0.000000  0.000000  0.000000  0.000000  0.000000  0.000000  69.000000  1.000000  0.010000  0.000000  0.930000  1.000000  0.010000  1.000000  0.000000  255.000000  1.000000  0.000000  0.300000  0.000000  0.000000  0.000000  0.000000  0.260000  1.000000  1 
0.000000  1 2 3 0.000000  0.000000  0.000000  0.000000  0.000000  0.000000  0.000000  0.000000  0.000000  0.000000  0.000000  0.000000  0.000000  0.000000  0.000000  0.000000  0.000000  0.000000  79.000000  1.000000  0.010000  0.000000  0.920000  1.000000  0.010000  1.000000  0.000000  255.000000  1.000000  0.000000  0.340000  0.000000  0.000000  0.000000  0.000000  0.290000  1.000000  1 
0.000000  1 4 3 0.000000  0.000000  0.000000  0.000000  0.000000  0.000000  0.000000  0.000000  0.000000  0.000000  0.000000  0.000000  0.000000  0.000000  0.000000  0.000000  0.000000  0.000000  89.000000  1.000000  0.010000  0.000000  0.900000  1.000000  0.010000  1.000000  0.000000  255.000000  1.000000  0.000000  0.360000  0.000000  0.000000  0.000000  0.000000  0.320000  1.000000  1 
0.000000  1 2 3 0.000000  0.000000  0.000000  0.000000  0.000000  0.000000  0.000000  0.000000  0.000000  0.000000  0.000000  0.000000  0.000000  0.000000  0.000000  0.000000  0.000000  0.000000  99.000000  1.000000  0.010000  0.000000  0.910000  1.000000  0.010000  1.000000  0.000000  255.000000  1.000000  0.000000  0.400000  0.000000  0.000000  0.000000  0.000000  0.360000  1.000000  1 
0.000000  1 46 1 44.000000  192.000000  0.000000  0.000000  0.000000  0.000000  0.000000  0.000000  0.000000  0.000000  0.000000  0.000000  0.000000  0.000000  0.000000  0.000000  0.000000  0.000000  109.000000  1.000000  0.010000  0.000000  0.910000  0.000000  0.010000  1.000000  0.000000  255.000000  1.000000  0.000000  0.440000  0.000000  0.000000  0.000000  0.000000  0.400000  0.000000  1 
0.000000  1 2 3 0.000000  0.000000  0.000000  0.000000  0.000000  0.000000  0.000000  0.000000  0.000000  0.000000  0.000000  0.000000  0.000000  0.000000  0.000000  0.000000  0.000000  0.000000  120.000000  1.000000  0.010000  0.000000  0.920000  1.000000  0.010000  1.000000  0.000000  255.000000  1.000000  0.000000  0.480000  0.000000  0.000000  0.000000  0.000000  0.440000  1.000000  1 
0.000000  1 2 3 0.000000  0.000000  0.000000  0.000000  0.000000  0.000000  0.000000  0.000000  0.000000  0.000000  0.000000  0.000000  0.000000  0.000000  0.000000  0.000000  0.000000  0.000000  130.000000  1.000000  0.010000  0.000000  0.920000  1.000000  0.010000  1.000000  0.000000  255.000000  1.000000  0.000000  0.520000  0.000000  0.000000  0.000000  0.000000  0.470000  1.000000  1 
0.000000  1 2 3 0.000000  0.000000  0.000000  0.000000  0.000000  0.000000  0.000000  0.000000  0.000000  0.000000  0.000000  0.000000  0.000000  0.000000  0.000000  0.000000  0.000000  0.000000  140.000000  1.000000  0.040000  0.000000  0.880000  1.000000  0.010000  0.990000  0.000000  255.000000  1.000000  0.000000  0.560000  0.000000  0.000000  0.020000  0.000000  0.490000  1.000000  1 
0.000000  1 2 3 0.000000  0.000000  0.000000  0.000000  0.000000  0.000000  0.000000  0.000000  0.000000  0.000000  0.000000  0.000000  0.000000  0.000000  0.000000  0.000000  0.000000  0.000000  150.000000  1.000000  0.040000  0.000000  0.880000  1.000000  0.010000  0.990000  0.000000  255.000000  1.000000  0.000000  0.600000  0.000000  0.000000  0.020000  0.000000  0.520000  1.000000  1 
0.000000  1 2 3 0.000000  0.000000  0.000000  0.000000  0.000000  0.000000  0.000000  0.000000  0.000000  0.000000  0.000000  0.000000  0.000000  0.000000  0.000000  0.000000  0.000000  0.000000  160.000000  1.000000  0.040000  0.000000  0.890000  1.000000  0.010000  0.990000  0.000000  255.000000  1.000000  0.000000  0.640000  0.000000  0.000000  0.020000  0.000000  0.560000  1.000000  1 
0.000000  1 2 3 0.000000  0.000000  0.000000  0.000000  0.000000  0.000000  0.000000  0.000000  0.000000  0.000000  0.000000  0.000000  0.000000  0.000000  0.000000  0.000000  0.000000  0.000000  170.000000  1.000000  0.040000  0.000000  0.890000  1.000000  0.010000  0.990000  0.000000  255.000000  1.000000  0.000000  0.670000  0.000000  0.000000  0.020000  0.000000  0.600000  1.000000  1 
0.000000  1 2 3 0.000000  0.000000  0.000000  0.000000  0.000000  0.000000  0.000000  0.000000  0.000000  0.000000  0.000000  0.000000  0.000000  0.000000  0.000000  0.000000  0.000000  0.000000  180.000000  1.000000  0.030000  0.000000  0.900000  1.000000  0.010000  0.990000  0.000000  255.000000  1.000000  0.000000  0.710000  0.000000  0.000000  0.020000  0.000000  0.640000  1.000000  1 
0.000000  1 2 3 0.000000  0.000000  0.000000  0.000000  0.000000  0.000000  0.000000  0.000000  0.000000  0.000000  0.000000  0.000000  0.000000  0.000000  0.000000  0.000000  0.000000  0.000000  190.000000  1.000000  0.070000  0.000000  0.870000  1.000000  0.010000  0.990000  0.000000  255.000000  1.000000  0.000000  0.750000  0.000000  0.000000  0.050000  0.000000  0.650000  1.000000  1 
0.000000  1 2 3 0.000000  0.000000  0.000000  0.000000  0.000000  0.000000  0.000000  0.000000  0.000000  0.000000  0.000000  0.000000  0.000000  0.000000  0.000000  0.000000  0.000000  0.000000  200.000000  1.000000  0.060000  0.000000  0.880000  1.000000  0.000000  1.000000  0.000000  255.000000  1.000000  0.000000  0.790000  0.000000  0.000000  0.050000  0.000000  0.690000  1.000000  1 
0.000000  1 2 3 0.000000  0.000000  0.000000  0.000000  0.000000  0.000000  0.000000  0.000000  0.000000  0.000000  0.000000  0.000000  0.000000  0.000000  0.000000  0.000000  0.000000  0.000000  210.000000  1.000000  0.060000  0.000000  0.880000  1.000000  0.000000  1.000000  0.000000  255.000000  1.000000  0.000000  0.830000  0.000000  0.000000  0.050000  0.000000  0.730000  1.000000  1 
0.000000  1 2 3 0.000000  0.000000  0.000000  0.000000  0.000000  0.000000  0.000000  0.000000  0.000000  0.000000  0.000000  0.000000  0.000000  0.000000  0.000000  0.000000  0.000000  0.000000  220.000000  1.000000  0.060000  0.000000  0.880000  1.000000  0.000000  1.000000  0.000000  255.000000  1.000000  0.000000  0.870000  0.000000  0.000000  0.050000  0.000000  0.760000  1.000000  1 
0.000000  1 2 3 0.000000  0.000000  0.000000  0.000000  0.000000  0.000000  0.000000  0.000000  0.000000  0.000000  0.000000  0.000000  0.000000  0.000000  0.000000  0.000000  0.000000  0.000000  230.000000  1.000000  0.060000  0.000000  0.890000  1.000000  0.000000  1.000000  0.000000  255.000000  1.000000  0.000000  0.910000  0.000000  0.000000  0.050000  0.000000  0.800000  1.000000  1 
0.000000  1 2 3 0.000000  0.000000  0.000000  0.000000  0.000000  0.000000  0.000000  0.000000  0.000000  0.000000  0.000000  0.000000  0.000000  0.000000  0.000000  0.000000  0.000000  0.000000  240.000000  1.000000  0.090000  0.000000  0.860000  1.000000  0.000000  1.000000  0.000000  255.000000  1.000000  0.000000  0.950000  0.000000  0.000000  0.080000  0.000000  0.810000  1.000000  1 
0.000000  1 2 3 0.000000  0.000000  0.000000  0.000000  0.000000  0.000000  0.000000  0.000000  0.000000  0.000000  0.000000  0.000000  0.000000  0.000000  0.000000  0.000000  0.000000  0.000000  250.000000  1.000000  0.080000  0.000000  0.860000  1.000000  0.000000  1.000000  0.000000  255.000000  1.000000  0.000000  0.980000  0.000000  0.000000  0.080000  0.000000  0.850000  1.000000  1 
0.000000  1 2 3 0.000000  0.000000  0.000000  0.000000  0.000000  0.000000  0.000000  0.000000  0.000000  0.000000  0.000000  0.000000  0.000000  0.000000  0.000000  0.000000  0.000000  0.000000  260.000000  1.000000  0.080000  0.000000  0.870000  1.000000  0.000000  1.000000  0.000000  255.000000  1.000000  0.000000  1.000000  0.000000  0.000000  0.080000  0.000000  0.870000  1.000000  1 
0.000000  1 2 3 0.000000  0.000000  0.000000  0.000000  0.000000  0.000000  0.000000  0.000000  0.000000  0.000000  0.000000  0.000000  0.000000  0.000000  0.000000  0.000000  0.000000  0.000000  270.000000  1.000000  0.080000  0.000000  0.870000  1.000000  0.000000  1.000000  0.000000  255.000000  1.000000  0.000000  1.000000  0.000000  0.000000  0.080000  0.000000  0.870000  1.000000  1 
0.000000  1 2 3 0.000000  0.000000  0.000000  0.000000  0.000000  0.000000  0.000000  0.000000  0.000000  0.000000  0.000000  0.000000  0.000000  0.000000  0.000000  0.000000  0.000000  0.000000  280.000000  1.000000  0.080000  0.000000  0.880000  1.000000  0.000000  1.000000  0.000000  255.000000  1.000000  0.000000  1.000000  0.000000  0.000000  0.080000  0.000000  0.870000  1.000000  1 
0.000000  1 2 3 0.000000  0.000000  0.000000  0.000000  0.000000  0.000000  0.000000  0.000000  0.000000  0.000000  0.000000  0.000000  0.000000  0.000000  0.000000  0.000000  0.000000  0.000000  290.000000  1.000000  0.070000  0.000000  0.880000  1.000000  0.000000  1.000000  0.000000  255.000000  1.000000  0.000000  1.000000  0.000000  0.000000  0.080000  0.000000  0.880000  1.000000  1 
0.000000  1 2 3 0.000000  0.000000  0.000000  0.000000  0.000000  0.000000  0.000000  0.000000  0.000000  0.000000  0.000000  0.000000  0.000000  0.000000  0.000000  0.000000  0.000000  0.000000  300.000000  1.000000  0.070000  0.000000  0.890000  1.000000  0.000000  1.000000  0.000000  255.000000  1.000000  0.000000  1.000000  0.000000  0.000000  0.080000  0.000000  0.890000  1.000000  1 
0.000000  1 2 8 0.000000  0.000000  0.000000  0.000000  0.000000  0.000000  0.000000  0.000000  0.000000  0.000000  0.000000  0.000000  0.000000  0.000000  0.000000  0.000000  0.000000  0.000000  1.000000  1.000000  1.000000  1.000000  0.000000  0.000000  1.000000  0.000000  0.000000  255.000000  1.000000  0.000000  1.000000  1.000000  0.000000  1.000000  1.000000  0.000000  0.000000  1 
0.000000  1 2 8 0.000000  0.000000  0.000000  0.000000  0.000000  0.000000  0.000000  0.000000  0.000000  0.000000  0.000000  0.000000  0.000000  0.000000  0.000000  0.000000  0.000000  0.000000  1.000000  1.000000  1.000000  1.000000  0.000000  0.000000  1.000000  0.000000  0.000000  255.000000  1.000000  0.000000  1.000000  1.000000  0.000000  1.000000  1.000000  0.000000  0.000000  1 
0.000000  1 2 8 0.000000  0.000000  0.000000  0.000000  0.000000  0.000000  0.000000  0.000000  0.000000  0.000000  0.000000  0.000000  0.000000  0.000000  0.000000  0.000000  0.000000  0.000000  1.000000  1.000000  1.000000  1.000000  0.000000  0.000000  1.000000  0.000000  0.000000  255.000000  1.000000  0.000000  1.000000  1.000000  0.000000  1.000000  1.000000  0.000000  0.000000  1 
0.000000  1 2 8 0.000000  0.000000  0.000000  0.000000  0.000000  0.000000  0.000000  0.000000  0.000000  0.000000  0.000000  0.000000  0.000000  0.000000  0.000000  0.000000  0.000000  0.000000  1.000000  1.000000  1.000000  1.000000  0.000000  0.000000  1.000000  0.000000  0.000000  255.000000  1.000000  0.000000  1.000000  1.000000  0.000000  1.000000  1.000000  0.000000  0.000000  1 
0.000000  1 2 8 0.000000  0.000000  0.000000  0.000000  0.000000  0.000000  0.000000  0.000000  0.000000  0.000000  0.000000  0.000000  0.000000  0.000000  0.000000  0.000000  0.000000  0.000000  1.000000  1.000000  1.000000  1.000000  0.000000  0.000000  1.000000  0.000000  0.000000  255.000000  1.000000  0.000000  1.000000  1.000000  0.000000  1.000000  1.000000  0.000000  0.000000  1 
0.000000  1 2 8 0.000000  0.000000  0.000000  0.000000  0.000000  0.000000  0.000000  0.000000  0.000000  0.000000  0.000000  0.000000  0.000000  0.000000  0.000000  0.000000  0.000000  0.000000  1.000000  1.000000  1.000000  1.000000  0.000000  0.000000  1.000000  0.000000  0.000000  255.000000  1.000000  0.000000  1.000000  1.000000  0.000000  1.000000  1.000000  0.000000  0.000000  1 
0.000000  1 2 8 0.000000  0.000000  0.000000  0.000000  0.000000  0.000000  0.000000  0.000000  0.000000  0.000000  0.000000  0.000000  0.000000  0.000000  0.000000  0.000000  0.000000  0.000000  1.000000  1.000000  1.000000  1.000000  0.000000  0.000000  1.000000  0.000000  0.000000  255.000000  1.000000  0.000000  1.000000  1.000000  0.000000  1.000000  1.000000  0.000000  0.000000  1 
0.000000  1 2 8 0.000000  0.000000  0.000000  0.000000  0.000000  0.000000  0.000000  0.000000  0.000000  0.000000  0.000000  0.000000  0.000000  0.000000  0.000000  0.000000  0.000000  0.000000  1.000000  1.000000  1.000000  1.000000  0.000000  0.000000  1.000000  0.000000  0.000000  255.000000  1.000000  0.000000  1.000000  1.000000  0.000000  1.000000  1.000000  0.000000  0.000000  1 
0.000000  1 2 8 0.000000  0.000000  0.000000  0.000000  0.000000  0.000000  0.000000  0.000000  0.000000  0.000000  0.000000  0.000000  0.000000  0.000000  0.000000  0.000000  0.000000  0.000000  1.000000  1.000000  1.000000  1.000000  0.000000  0.000000  1.000000  0.000000  0.000000  255.000000  1.000000  0.000000  1.000000  1.000000  0.000000  1.000000  1.000000  0.000000  0.000000  1 
0.000000  1 2 8 0.000000  0.000000  0.000000  0.000000  0.000000  0.000000  0.000000  0.000000  0.000000  0.000000  0.000000  0.000000  0.000000  0.000000  0.000000  0.000000  0.000000  0.000000  1.000000  1.000000  1.000000  1.000000  0.000000  0.000000  1.000000  0.000000  0.000000  255.000000  1.000000  0.000000  1.000000  1.000000  0.000000  1.000000  1.000000  0.000000  0.000000  1 
0.000000  1 2 8 0.000000  0.000000  0.000000  0.000000  0.000000  0.000000  0.000000  0.000000  0.000000  0.000000  0.000000  0.000000  0.000000  0.000000  0.000000  0.000000  0.000000  0.000000  1.000000  1.000000  1.000000  1.000000  0.000000  0.000000  1.000000  0.000000  0.000000  255.000000  1.000000  0.000000  1.000000  1.000000  0.000000  1.000000  1.000000  0.000000  0.000000  1 
0.000000  1 2 8 0.000000  0.000000  0.000000  0.000000  0.000000  0.000000  0.000000  0.000000  0.000000  0.000000  0.000000  0.000000  0.000000  0.000000  0.000000  0.000000  0.000000  0.000000  1.000000  1.000000  1.000000  1.000000  0.000000  0.000000  1.000000  0.000000  0.000000  255.000000  1.000000  0.000000  1.000000  1.000000  0.000000  1.000000  1.000000  0.000000  0.000000  1 
0.000000  1 2 8 0.000000  0.000000  0.000000  0.000000  0.000000  0.000000  0.000000  0.000000  0.000000  0.000000  0.000000  0.000000  0.000000  0.000000  0.000000  0.000000  0.000000  0.000000  1.000000  1.000000  1.000000  1.000000  0.000000  0.000000  1.000000  0.000000  0.000000  255.000000  1.000000  0.000000  1.000000  1.000000  0.000000  1.000000  1.000000  0.000000  0.000000  1 
0.000000  1 2 8 0.000000  0.000000  0.000000  0.000000  0.000000  0.000000  0.000000  0.000000  0.000000  0.000000  0.000000  0.000000  0.000000  0.000000  0.000000  0.000000  0.000000  0.000000  1.000000  1.000000  1.000000  1.000000  0.000000  0.000000  1.000000  0.000000  0.000000  255.000000  1.000000  0.000000  1.000000  1.000000  0.000000  1.000000  1.000000  0.000000  0.000000  1 
0.000000  1 2 8 0.000000  0.000000  0.000000  0.000000  0.000000  0.000000  0.000000  0.000000  0.000000  0.000000  0.000000  0.000000  0.000000  0.000000  0.000000  0.000000  0.000000  0.000000  1.000000  1.000000  1.000000  1.000000  0.000000  0.000000  1.000000  0.000000  0.000000  255.000000  1.000000  0.000000  1.000000  1.000000  0.000000  1.000000  1.000000  0.000000  0.000000  1 
0.000000  1 2 8 0.000000  0.000000  0.000000  0.000000  0.000000  0.000000  0.000000  0.000000  0.000000  0.000000  0.000000  0.000000  0.000000  0.000000  0.000000  0.000000  0.000000  0.000000  1.000000  1.000000  1.000000  1.000000  0.000000  0.000000  1.000000  0.000000  0.000000  255.000000  1.000000  0.000000  1.000000  1.000000  0.000000  1.000000  1.000000  0.000000  0.000000  1 
0.000000  1 2 8 0.000000  0.000000  0.000000  0.000000  0.000000  0.000000  0.000000  0.000000  0.000000  0.000000  0.000000  0.000000  0.000000  0.000000  0.000000  0.000000  0.000000  0.000000  1.000000  1.000000  1.000000  1.000000  0.000000  0.000000  1.000000  0.000000  0.000000  255.000000  1.000000  0.000000  1.000000  1.000000  0.000000  1.000000  1.000000  0.000000  0.000000  1 
0.000000  1 2 8 0.000000  0.000000  0.000000  0.000000  0.000000  0.000000  0.000000  0.000000  0.000000  0.000000  0.000000  0.000000  0.000000  0.000000  0.000000  0.000000  0.000000  0.000000  1.000000  1.000000  1.000000  1.000000  0.000000  0.000000  1.000000  0.000000  0.000000  255.000000  1.000000  0.000000  1.000000  1.000000  0.000000  1.000000  1.000000  0.000000  0.000000  1 
0.000000  1 2 8 0.000000  0.000000  0.000000  0.000000  0.000000  0.000000  0.000000  0.000000  0.000000  0.000000  0.000000  0.000000  0.000000  0.000000  0.000000  0.000000  0.000000  0.000000  1.000000  1.000000  1.000000  1.000000  0.000000  0.000000  1.000000  0.000000  0.000000  255.000000  1.000000  0.000000  1.000000  1.000000  0.000000  1.000000  1.000000  0.000000  0.000000  1 
0.000000  1 2 8 0.000000  0.000000  0.000000  0.000000  0.000000  0.000000  0.000000  0.000000  0.000000  0.000000  0.000000  0.000000  0.000000  0.000000  0.000000  0.000000  0.000000  0.000000  1.000000  1.000000  1.000000  1.000000  0.000000  0.000000  1.000000  0.000000  0.000000  255.000000  1.000000  0.000000  1.000000  1.000000  0.000000  1.000000  1.000000  0.000000  0.000000  1 
0.000000  1 2 8 0.000000  0.000000  0.000000  0.000000  0.000000  0.000000  0.000000  0.000000  0.000000  0.000000  0.000000  0.000000  0.000000  0.000000  0.000000  0.000000  0.000000  0.000000  1.000000  1.000000  1.000000  1.000000  0.000000  0.000000  1.000000  0.000000  0.000000  255.000000  1.000000  0.000000  1.000000  1.000000  0.000000  1.000000  1.000000  0.000000  0.000000  1 
0.000000  1 43 8 0.000000  0.000000  0.000000  0.000000  0.000000  0.000000  0.000000  0.000000  0.000000  0.000000  0.000000  0.000000  0.000000  0.000000  0.000000  0.000000  0.000000  0.000000  1.000000  1.000000  1.000000  1.000000  0.000000  0.000000  1.000000  0.000000  0.000000  255.000000  1.000000  0.000000  1.000000  1.000000  0.000000  1.000000  1.000000  0.000000  0.000000  1 
0.000000  1 2 8 0.000000  0.000000  0.000000  0.000000  0.000000  0.000000  0.000000  0.000000  0.000000  0.000000  0.000000  0.000000  0.000000  0.000000  0.000000  0.000000  0.000000  0.000000  1.000000  1.000000  1.000000  1.000000  0.000000  0.000000  1.000000  0.000000  0.000000  255.000000  1.000000  0.000000  1.000000  1.000000  0.000000  1.000000  1.000000  0.000000  0.000000  1 
0.000000  1 2 8 0.000000  0.000000  0.000000  0.000000  0.000000  0.000000  0.000000  0.000000  0.000000  0.000000  0.000000  0.000000  0.000000  0.000000  0.000000  0.000000  0.000000  0.000000  1.000000  1.000000  1.000000  1.000000  0.000000  0.000000  1.000000  0.000000  0.000000  255.000000  1.000000  0.000000  1.000000  1.000000  0.000000  1.000000  1.000000  0.000000  0.000000  1 
0.000000  1 2 8 0.000000  0.000000  0.000000  0.000000  0.000000  0.000000  0.000000  0.000000  0.000000  0.000000  0.000000  0.000000  0.000000  0.000000  0.000000  0.000000  0.000000  0.000000  1.000000  1.000000  1.000000  1.000000  0.000000  0.000000  1.000000  0.000000  0.000000  255.000000  1.000000  0.000000  1.000000  1.000000  0.000000  1.000000  1.000000  0.000000  0.000000  1 
0.000000  1 2 8 0.000000  0.000000  0.000000  0.000000  0.000000  0.000000  0.000000  0.000000  0.000000  0.000000  0.000000  0.000000  0.000000  0.000000  0.000000  0.000000  0.000000  0.000000  1.000000  1.000000  1.000000  1.000000  0.000000  0.000000  1.000000  0.000000  0.000000  255.000000  1.000000  0.000000  1.000000  1.000000  0.000000  1.000000  1.000000  0.000000  0.000000  1 
0.000000  1 2 8 0.000000  0.000000  0.000000  0.000000  0.000000  0.000000  0.000000  0.000000  0.000000  0.000000  0.000000  0.000000  0.000000  0.000000  0.000000  0.000000  0.000000  0.000000  1.000000  1.000000  1.000000  1.000000  0.000000  0.000000  1.000000  0.000000  0.000000  255.000000  1.000000  0.000000  1.000000  1.000000  0.000000  1.000000  1.000000  0.000000  0.000000  1 
0.000000  1 2 8 0.000000  0.000000  0.000000  0.000000  0.000000  0.000000  0.000000  0.000000  0.000000  0.000000  0.000000  0.000000  0.000000  0.000000  0.000000  0.000000  0.000000  0.000000  1.000000  1.000000  1.000000  1.000000  0.000000  0.000000  1.000000  0.000000  0.000000  255.000000  1.000000  0.000000  1.000000  1.000000  0.000000  1.000000  1.000000  0.000000  0.000000  1 
0.000000  1 2 2 0.000000  0.000000  0.000000  0.000000  0.000000  0.000000  0.000000  0.000000  0.000000  0.000000  0.000000  0.000000  0.000000  0.000000  0.000000  0.000000  0.000000  0.000000  1.000000  1.000000  0.000000  0.000000  1.000000  1.000000  1.000000  0.000000  0.000000  255.000000  1.000000  0.000000  1.000000  1.000000  0.000000  0.000000  0.000000  1.000000  1.000000  1 
0.000000  1 2 2 0.000000  0.000000  0.000000  0.000000  0.000000  0.000000  0.000000  0.000000  0.000000  0.000000  0.000000  0.000000  0.000000  0.000000  0.000000  0.000000  0.000000  0.000000  1.000000  1.000000  0.000000  0.000000  1.000000  1.000000  1.000000  0.000000  0.000000  255.000000  1.000000  0.000000  1.000000  1.000000  0.000000  0.000000  0.000000  1.000000  1.000000  1 
0.000000  1 2 2 0.000000  0.000000  0.000000  0.000000  0.000000  0.000000  0.000000  0.000000  0.000000  0.000000  0.000000  0.000000  0.000000  0.000000  0.000000  0.000000  0.000000  0.000000  1.000000  1.000000  0.000000  0.000000  1.000000  1.000000  1.000000  0.000000  0.000000  255.000000  1.000000  0.000000  1.000000  1.000000  0.000000  0.000000  0.000000  1.000000  1.000000  1 
0.000000  1 2 2 0.000000  0.000000  0.000000  0.000000  0.000000  0.000000  0.000000  0.000000  0.000000  0.000000  0.000000  0.000000  0.000000  0.000000  0.000000  0.000000  0.000000  0.000000  1.000000  1.000000  0.000000  0.000000  1.000000  1.000000  1.000000  0.000000  0.000000  255.000000  1.000000  0.000000  1.000000  1.000000  0.000000  0.000000  0.000000  1.000000  1.000000  1 
0.000000  1 2 2 0.000000  0.000000  0.000000  0.000000  0.000000  0.000000  0.000000  0.000000  0.000000  0.000000  0.000000  0.000000  0.000000  0.000000  0.000000  0.000000  0.000000  0.000000  1.000000  1.000000  0.000000  0.000000  1.000000  1.000000  1.000000  0.000000  0.000000  255.000000  1.000000  0.000000  1.000000  1.000000  0.000000  0.000000  0.000000  1.000000  1.000000  1 
0.000000  1 2 2 0.000000  0.000000  0.000000  0.000000  0.000000  0.000000  0.000000  0.000000  0.000000  0.000000  0.000000  0.000000  0.000000  0.000000  0.000000  0.000000  0.000000  0.000000  1.000000  1.000000  0.000000  0.000000  1.000000  1.000000  1.000000  0.000000  0.000000  255.000000  1.000000  0.000000  1.000000  1.000000  0.000000  0.000000  0.000000  1.000000  1.000000  1 
0.000000  1 2 2 0.000000  0.000000  0.000000  0.000000  0.000000  0.000000  0.000000  0.000000  0.000000  0.000000  0.000000  0.000000  0.000000  0.000000  0.000000  0.000000  0.000000  0.000000  1.000000  1.000000  0.000000  0.000000  1.000000  1.000000  1.000000  0.000000  0.000000  255.000000  1.000000  0.000000  1.000000  1.000000  0.000000  0.000000  0.000000  1.000000  1.000000  1 
0.000000  1 2 2 0.000000  0.000000  0.000000  0.000000  0.000000  0.000000  0.000000  0.000000  0.000000  0.000000  0.000000  0.000000  0.000000  0.000000  0.000000  0.000000  0.000000  0.000000  1.000000  1.000000  0.000000  0.000000  1.000000  1.000000  1.000000  0.000000  0.000000  255.000000  1.000000  0.000000  1.000000  1.000000  0.000000  0.000000  0.000000  1.000000  1.000000  1 
0.000000  1 2 2 0.000000  0.000000  0.000000  0.000000  0.000000  0.000000  0.000000  0.000000  0.000000  0.000000  0.000000  0.000000  0.000000  0.000000  0.000000  0.000000  0.000000  0.000000  1.000000  1.000000  0.000000  0.000000  1.000000  1.000000  1.000000  0.000000  0.000000  255.000000  1.000000  0.000000  1.000000  1.000000  0.000000  0.000000  0.000000  1.000000  1.000000  1 
0.000000  1 2 2 0.000000  0.000000  0.000000  0.000000  0.000000  0.000000  0.000000  0.000000  0.000000  0.000000  0.000000  0.000000  0.000000  0.000000  0.000000  0.000000  0.000000  0.000000  1.000000  1.000000  0.000000  0.000000  1.000000  1.000000  1.000000  0.000000  0.000000  255.000000  1.000000  0.000000  1.000000  1.000000  0.000000  0.000000  0.000000  1.000000  1.000000  1 
0.000000  1 2 2 0.000000  0.000000  0.000000  0.000000  0.000000  0.000000  0.000000  0.000000  0.000000  0.000000  0.000000  0.000000  0.000000  0.000000  0.000000  0.000000  0.000000  0.000000  1.000000  1.000000  0.000000  0.000000  1.000000  1.000000  1.000000  0.000000  0.000000  255.000000  1.000000  0.000000  1.000000  1.000000  0.000000  0.000000  0.000000  1.000000  1.000000  1 
0.000000  1 2 2 0.000000  0.000000  0.000000  0.000000  0.000000  0.000000  0.000000  0.000000  0.000000  0.000000  0.000000  0.000000  0.000000  0.000000  0.000000  0.000000  0.000000  0.000000  1.000000  1.000000  0.000000  0.000000  1.000000  1.000000  1.000000  0.000000  0.000000  255.000000  1.000000  0.000000  1.000000  1.000000  0.000000  0.000000  0.000000  1.000000  1.000000  1 
0.000000  1 2 2 0.000000  0.000000  0.000000  0.000000  0.000000  0.000000  0.000000  0.000000  0.000000  0.000000  0.000000  0.000000  0.000000  0.000000  0.000000  0.000000  0.000000  0.000000  1.000000  1.000000  0.000000  0.000000  1.000000  1.000000  1.000000  0.000000  0.000000  255.000000  1.000000  0.000000  1.000000  1.000000  0.000000  0.000000  0.000000  0.990000  1.000000  1 
0.000000  1 2 2 0.000000  0.000000  0.000000  0.000000  0.000000  0.000000  0.000000  0.000000  0.000000  0.000000  0.000000  0.000000  0.000000  0.000000  0.000000  0.000000  0.000000  0.000000  1.000000  1.000000  0.000000  0.000000  1.000000  1.000000  1.000000  0.000000  0.000000  255.000000  1.000000  0.000000  1.000000  1.000000  0.000000  0.000000  0.000000  0.990000  1.000000  1 
0.000000  1 2 2 0.000000  0.000000  0.000000  0.000000  0.000000  0.000000  0.000000  0.000000  0.000000  0.000000  0.000000  0.000000  0.000000  0.000000  0.000000  0.000000  0.000000  0.000000  1.000000  1.000000  0.000000  0.000000  1.000000  1.000000  1.000000  0.000000  0.000000  255.000000  1.000000  0.000000  1.000000  1.000000  0.000000  0.000000  0.000000  0.990000  1.000000  1 
0.000000  1 2 2 0.000000  0.000000  0.000000  0.000000  0.000000  0.000000  0.000000  0.000000  0.000000  0.000000  0.000000  0.000000  0.000000  0.000000  0.000000  0.000000  0.000000  0.000000  1.000000  1.000000  0.000000  0.000000  1.000000  1.000000  1.000000  0.000000  0.000000  255.000000  1.000000  0.000000  1.000000  1.000000  0.000000  0.000000  0.000000  0.990000  1.000000  1 
0.000000  1 2 2 0.000000  0.000000  0.000000  0.000000  0.000000  0.000000  0.000000  0.000000  0.000000  0.000000  0.000000  0.000000  0.000000  0.000000  0.000000  0.000000  0.000000  0.000000  1.000000  1.000000  0.000000  0.000000  1.000000  1.000000  1.000000  0.000000  0.000000  255.000000  1.000000  0.000000  1.000000  1.000000  0.000000  0.000000  0.000000  1.000000  1.000000  1 
0.000000  1 2 2 0.000000  0.000000  0.000000  0.000000  0.000000  0.000000  0.000000  0.000000  0.000000  0.000000  0.000000  0.000000  0.000000  0.000000  0.000000  0.000000  0.000000  0.000000  1.000000  1.000000  0.000000  0.000000  1.000000  1.000000  1.000000  0.000000  0.000000  255.000000  1.000000  0.000000  1.000000  1.000000  0.000000  0.000000  0.000000  1.000000  1.000000  1 
0.000000  1 2 2 0.000000  0.000000  0.000000  0.000000  0.000000  0.000000  0.000000  0.000000  0.000000  0.000000  0.000000  0.000000  0.000000  0.000000  0.000000  0.000000  0.000000  0.000000  1.000000  1.000000  0.000000  0.000000  1.000000  1.000000  1.000000  0.000000  0.000000  255.000000  1.000000  0.000000  1.000000  1.000000  0.000000  0.000000  0.000000  1.000000  1.000000  1 
0.000000  1 2 2 0.000000  0.000000  0.000000  0.000000  0.000000  0.000000  0.000000  0.000000  0.000000  0.000000  0.000000  0.000000  0.000000  0.000000  0.000000  0.000000  0.000000  0.000000  1.000000  1.000000  0.000000  0.000000  1.000000  1.000000  1.000000  0.000000  0.000000  255.000000  1.000000  0.000000  1.000000  1.000000  0.000000  0.000000  0.000000  1.000000  1.000000  1 
0.000000  1 2 2 0.000000  0.000000  0.000000  0.000000  0.000000  0.000000  0.000000  0.000000  0.000000  0.000000  0.000000  0.000000  0.000000  0.000000  0.000000  0.000000  0.000000  0.000000  1.000000  1.000000  0.000000  0.000000  1.000000  1.000000  1.000000  0.000000  0.000000  255.000000  1.000000  0.000000  1.000000  1.000000  0.000000  0.000000  0.000000  1.000000  1.000000  1 
0.000000  1 2 2 0.000000  0.000000  0.000000  0.000000  0.000000  0.000000  0.000000  0.000000  0.000000  0.000000  0.000000  0.000000  0.000000  0.000000  0.000000  0.000000  0.000000  0.000000  1.000000  1.000000  0.000000  0.000000  1.000000  1.000000  1.000000  0.000000  0.000000  255.000000  1.000000  0.000000  1.000000  1.000000  0.000000  0.000000  0.000000  1.000000  1.000000  1 
0.000000  1 2 2 0.000000  0.000000  0.000000  0.000000  0.000000  0.000000  0.000000  0.000000  0.000000  0.000000  0.000000  0.000000  0.000000  0.000000  0.000000  0.000000  0.000000  0.000000  1.000000  1.000000  0.000000  0.000000  1.000000  1.000000  1.000000  0.000000  0.000000  255.000000  1.000000  0.000000  1.000000  1.000000  0.000000  0.000000  0.000000  1.000000  1.000000  1 
24.000000  1 2 2 0.000000  0.000000  0.000000  0.000000  0.000000  0.000000  0.000000  0.000000  0.000000  0.000000  0.000000  0.000000  0.000000  0.000000  0.000000  0.000000  0.000000  0.000000  1.000000  1.000000  0.000000  0.000000  1.000000  1.000000  1.000000  0.000000  0.000000  255.000000  1.000000  0.000000  1.000000  1.000000  0.000000  0.000000  0.000000  1.000000  1.000000  1 
0.000000  1 2 2 0.000000  0.000000  0.000000  0.000000  0.000000  0.000000  0.000000  0.000000  0.000000  0.000000  0.000000  0.000000  0.000000  0.000000  0.000000  0.000000  0.000000  0.000000  1.000000  1.000000  0.000000  0.000000  1.000000  1.000000  1.000000  0.000000  0.000000  255.000000  1.000000  0.000000  1.000000  1.000000  0.000000  0.000000  0.000000  1.000000  1.000000  1 
0.000000  1 2 2 0.000000  0.000000  0.000000  0.000000  0.000000  0.000000  0.000000  0.000000  0.000000  0.000000  0.000000  0.000000  0.000000  0.000000  0.000000  0.000000  0.000000  0.000000  1.000000  1.000000  0.000000  0.000000  1.000000  1.000000  1.000000  0.000000  0.000000  255.000000  1.000000  0.000000  1.000000  1.000000  0.000000  0.000000  0.000000  1.000000  1.000000  1 
0.000000  1 45 2 0.000000  0.000000  0.000000  0.000000  0.000000  0.000000  0.000000  0.000000  0.000000  0.000000  0.000000  0.000000  0.000000  0.000000  0.000000  0.000000  0.000000  0.000000  1.000000  1.000000  0.000000  0.000000  1.000000  1.000000  1.000000  0.000000  0.000000  255.000000  1.000000  0.000000  1.000000  1.000000  0.000000  0.000000  0.000000  1.000000  1.000000  1 
0.000000  1 45 2 0.000000  0.000000  0.000000  0.000000  0.000000  0.000000  0.000000  0.000000  0.000000  0.000000  0.000000  0.000000  0.000000  0.000000  0.000000  0.000000  0.000000  0.000000  1.000000  1.000000  0.000000  0.000000  1.000000  1.000000  1.000000  0.000000  0.000000  255.000000  1.000000  0.000000  1.000000  1.000000  0.000000  0.000000  0.000000  0.990000  1.000000  1 
0.000000  1 45 2 0.000000  0.000000  0.000000  0.000000  0.000000  0.000000  0.000000  0.000000  0.000000  0.000000  0.000000  0.000000  0.000000  0.000000  0.000000  0.000000  0.000000  0.000000  1.000000  1.000000  0.000000  0.000000  1.000000  1.000000  1.000000  0.000000  0.000000  255.000000  1.000000  0.000000  1.000000  1.000000  0.000000  0.000000  0.000000  0.990000  1.000000  1 
0.000000  1 45 2 0.000000  0.000000  0.000000  0.000000  0.000000  0.000000  0.000000  0.000000  0.000000  0.000000  0.000000  0.000000  0.000000  0.000000  0.000000  0.000000  0.000000  0.000000  1.000000  1.000000  0.000000  0.000000  1.000000  1.000000  1.000000  0.000000  0.000000  255.000000  1.000000  0.000000  1.000000  1.000000  0.000000  0.000000  0.000000  0.990000  1.000000  1 
0.000000  1 45 2 0.000000  0.000000  0.000000  0.000000  0.000000  0.000000  0.000000  0.000000  0.000000  0.000000  0.000000  0.000000  0.000000  0.000000  0.000000  0.000000  0.000000  0.000000  1.000000  1.000000  0.000000  0.000000  1.000000  1.000000  1.000000  0.000000  0.000000  255.000000  1.000000  0.000000  1.000000  1.000000  0.000000  0.000000  0.000000  0.990000  1.000000  1 
7.000000  1 45 2 0.000000  0.000000  0.000000  0.000000  0.000000  0.000000  0.000000  0.000000  0.000000  0.000000  0.000000  0.000000  0.000000  0.000000  0.000000  0.000000  0.000000  0.000000  1.000000  1.000000  0.000000  0.000000  1.000000  1.000000  1.000000  0.000000  0.000000  255.000000  1.000000  0.000000  1.000000  1.000000  0.000000  0.000000  0.000000  0.990000  1.000000  1 
0.000000  1 45 2 0.000000  0.000000  0.000000  0.000000  0.000000  0.000000  0.000000  0.000000  0.000000  0.000000  0.000000  0.000000  0.000000  0.000000  0.000000  0.000000  0.000000  0.000000  1.000000  1.000000  0.000000  0.000000  1.000000  1.000000  1.000000  0.000000  0.000000  255.000000  1.000000  0.000000  1.000000  1.000000  0.000000  0.000000  0.000000  0.990000  1.000000  1 
0.000000  1 45 2 0.000000  0.000000  0.000000  0.000000  0.000000  0.000000  0.000000  0.000000  0.000000  0.000000  0.000000  0.000000  0.000000  0.000000  0.000000  0.000000  0.000000  0.000000  1.000000  1.000000  0.000000  0.000000  1.000000  1.000000  1.000000  0.000000  0.000000  255.000000  1.000000  0.000000  1.000000  1.000000  0.000000  0.000000  0.000000  0.990000  1.000000  1 
0.000000  1 45 2 0.000000  0.000000  0.000000  0.000000  0.000000  0.000000  0.000000  0.000000  0.000000  0.000000  0.000000  0.000000  0.000000  0.000000  0.000000  0.000000  0.000000  0.000000  1.000000  1.000000  0.000000  0.000000  1.000000  1.000000  1.000000  0.000000  0.000000  255.000000  1.000000  0.000000  1.000000  1.000000  0.000000  0.000000  0.000000  0.990000  1.000000  1 
0.000000  1 45 2 0.000000  0.000000  0.000000  0.000000  0.000000  0.000000  0.000000  0.000000  0.000000  0.000000  0.000000  0.000000  0.000000  0.000000  0.000000  0.000000  0.000000  0.000000  1.000000  1.000000  0.000000  0.000000  1.000000  1.000000  1.000000  0.000000  0.000000  255.000000  1.000000  0.000000  1.000000  1.000000  0.000000  0.000000  0.000000  0.990000  1.000000  1 
0.000000  1 45 2 0.000000  0.000000  0.000000  0.000000  0.000000  0.000000  0.000000  0.000000  0.000000  0.000000  0.000000  0.000000  0.000000  0.000000  0.000000  0.000000  0.000000  0.000000  1.000000  1.000000  0.000000  0.000000  1.000000  1.000000  1.000000  0.000000  0.000000  255.000000  1.000000  0.000000  1.000000  1.000000  0.000000  0.000000  0.000000  0.990000  1.000000  1 
0.000000  1 45 2 0.000000  0.000000  0.000000  0.000000  0.000000  0.000000  0.000000  0.000000  0.000000  0.000000  0.000000  0.000000  0.000000  0.000000  0.000000  0.000000  0.000000  0.000000  1.000000  1.000000  0.000000  0.000000  1.000000  1.000000  1.000000  0.000000  0.000000  255.000000  1.000000  0.000000  1.000000  1.000000  0.000000  0.000000  0.000000  0.990000  1.000000  1 
0.000000  1 45 2 0.000000  0.000000  0.000000  0.000000  0.000000  0.000000  0.000000  0.000000  0.000000  0.000000  0.000000  0.000000  0.000000  0.000000  0.000000  0.000000  0.000000  0.000000  1.000000  1.000000  0.000000  0.000000  1.000000  1.000000  1.000000  0.000000  0.000000  255.000000  1.000000  0.000000  1.000000  1.000000  0.000000  0.000000  0.000000  1.000000  1.000000  1 
0.000000  1 45 2 0.000000  0.000000  0.000000  0.000000  0.000000  0.000000  0.000000  0.000000  0.000000  0.000000  0.000000  0.000000  0.000000  0.000000  0.000000  0.000000  0.000000  0.000000  1.000000  1.000000  0.000000  0.000000  1.000000  1.000000  1.000000  0.000000  0.000000  255.000000  1.000000  0.000000  1.000000  1.000000  0.000000  0.000000  0.000000  1.000000  1.000000  1 
0.000000  1 45 2 0.000000  0.000000  0.000000  0.000000  0.000000  0.000000  0.000000  0.000000  0.000000  0.000000  0.000000  0.000000  0.000000  0.000000  0.000000  0.000000  0.000000  0.000000  1.000000  1.000000  0.000000  0.000000  1.000000  1.000000  1.000000  0.000000  0.000000  255.000000  1.000000  0.000000  1.000000  1.000000  0.000000  0.000000  0.000000  1.000000  1.000000  1 
0.000000  1 45 2 0.000000  0.000000  0.000000  0.000000  0.000000  0.000000  0.000000  0.000000  0.000000  0.000000  0.000000  0.000000  0.000000  0.000000  0.000000  0.000000  0.000000  0.000000  1.000000  1.000000  0.000000  0.000000  1.000000  1.000000  1.000000  0.000000  0.000000  255.000000  1.000000  0.000000  1.000000  1.000000  0.000000  0.000000  0.000000  1.000000  1.000000  1 
0.000000  1 45 2 0.000000  0.000000  0.000000  0.000000  0.000000  0.000000  0.000000  0.000000  0.000000  0.000000  0.000000  0.000000  0.000000  0.000000  0.000000  0.000000  0.000000  0.000000  1.000000  1.000000  0.000000  0.000000  1.000000  1.000000  1.000000  0.000000  0.000000  255.000000  1.000000  0.000000  1.000000  1.000000  0.000000  0.000000  0.000000  1.000000  1.000000  1 
0.000000  1 45 2 0.000000  0.000000  0.000000  0.000000  0.000000  0.000000  0.000000  0.000000  0.000000  0.000000  0.000000  0.000000  0.000000  0.000000  0.000000  0.000000  0.000000  0.000000  1.000000  1.000000  0.000000  0.000000  1.000000  1.000000  1.000000  0.000000  0.000000  255.000000  1.000000  0.000000  1.000000  1.000000  0.000000  0.000000  0.000000  1.000000  1.000000  1 
0.000000  1 45 2 0.000000  0.000000  0.000000  0.000000  0.000000  0.000000  0.000000  0.000000  0.000000  0.000000  0.000000  0.000000  0.000000  0.000000  0.000000  0.000000  0.000000  0.000000  1.000000  1.000000  0.000000  0.000000  1.000000  1.000000  1.000000  0.000000  0.000000  255.000000  1.000000  0.000000  1.000000  1.000000  0.000000  0.000000  0.000000  1.000000  1.000000  1 
0.000000  1 45 2 0.000000  0.000000  0.000000  0.000000  0.000000  0.000000  0.000000  0.000000  0.000000  0.000000  0.000000  0.000000  0.000000  0.000000  0.000000  0.000000  0.000000  0.000000  1.000000  1.000000  0.000000  0.000000  1.000000  1.000000  1.000000  0.000000  0.000000  255.000000  1.000000  0.000000  1.000000  1.000000  0.000000  0.000000  0.000000  1.000000  1.000000  1 
0.000000  1 45 2 0.000000  0.000000  0.000000  0.000000  0.000000  0.000000  0.000000  0.000000  0.000000  0.000000  0.000000  0.000000  0.000000  0.000000  0.000000  0.000000  0.000000  0.000000  1.000000  1.000000  0.000000  0.000000  1.000000  1.000000  1.000000  0.000000  0.000000  255.000000  1.000000  0.000000  1.000000  1.000000  0.000000  0.000000  0.000000  1.000000  1.000000  1 
0.000000  1 45 2 0.000000  0.000000  0.000000  0.000000  0.000000  0.000000  0.000000  0.000000  0.000000  0.000000  0.000000  0.000000  0.000000  0.000000  0.000000  0.000000  0.000000  0.000000  1.000000  1.000000  0.000000  0.000000  1.000000  1.000000  1.000000  0.000000  0.000000  255.000000  1.000000  0.000000  1.000000  1.000000  0.000000  0.000000  0.000000  1.000000  1.000000  1 
0.000000  1 45 2 0.000000  0.000000  0.000000  0.000000  0.000000  0.000000  0.000000  0.000000  0.000000  0.000000  0.000000  0.000000  0.000000  0.000000  0.000000  0.000000  0.000000  0.000000  1.000000  1.000000  0.000000  0.000000  1.000000  1.000000  1.000000  0.000000  0.000000  255.000000  1.000000  0.000000  1.000000  1.000000  0.000000  0.000000  0.000000  1.000000  1.000000  1 
0.000000  1 45 2 0.000000  0.000000  0.000000  0.000000  0.000000  0.000000  0.000000  0.000000  0.000000  0.000000  0.000000  0.000000  0.000000  0.000000  0.000000  0.000000  0.000000  0.000000  1.000000  1.000000  0.000000  0.000000  1.000000  1.000000  1.000000  0.000000  0.000000  255.000000  1.000000  0.000000  1.000000  1.000000  0.000000  0.000000  0.000000  1.000000  1.000000  1 
0.000000  1 3 1 280.000000  303.000000  0.000000  0.000000  0.000000  0.000000  0.000000  1.000000  0.000000  0.000000  0.000000  0.000000  0.000000  0.000000  0.000000  0.000000  0.000000  0.000000  4.000000  10.000000  0.000000  0.000000  0.000000  0.000000  1.000000  0.000000  0.300000  255.000000  249.000000  0.980000  0.010000  0.000000  0.000000  0.000000  0.000000  0.000000  0.000000  0 
0.000000  1 3 1 231.000000  3222.000000  0.000000  0.000000  0.000000  0.000000  0.000000  1.000000  0.000000  0.000000  0.000000  0.000000  0.000000  0.000000  0.000000  0.000000  0.000000  0.000000  6.000000  6.000000  0.000000  0.000000  0.000000  0.000000  1.000000  0.000000  0.000000  255.000000  249.000000  0.980000  0.010000  0.000000  0.000000  0.000000  0.000000  0.000000  0.000000  0 
0.000000  1 3 1 233.000000  1380.000000  0.000000  0.000000  0.000000  0.000000  0.000000  1.000000  0.000000  0.000000  0.000000  0.000000  0.000000  0.000000  0.000000  0.000000  0.000000  0.000000  3.000000  23.000000  0.000000  0.000000  0.000000  0.000000  1.000000  0.000000  0.090000  255.000000  249.000000  0.980000  0.010000  0.000000  0.000000  0.000000  0.000000  0.000000  0.000000  0 
0.000000  1 3 1 235.000000  2239.000000  0.000000  0.000000  0.000000  0.000000  0.000000  1.000000  0.000000  0.000000  0.000000  0.000000  0.000000  0.000000  0.000000  0.000000  0.000000  0.000000  6.000000  6.000000  0.000000  0.000000  0.000000  0.000000  1.000000  0.000000  0.000000  255.000000  249.000000  0.980000  0.010000  0.000000  0.000000  0.000000  0.000000  0.000000  0.000000  0 
0.000000  1 3 1 241.000000  2698.000000  0.000000  0.000000  0.000000  0.000000  0.000000  1.000000  0.000000  0.000000  0.000000  0.000000  0.000000  0.000000  1.000000  0.000000  0.000000  0.000000  1.000000  33.000000  0.000000  0.000000  0.000000  0.000000  1.000000  0.000000  0.210000  255.000000  249.000000  0.980000  0.010000  0.000000  0.000000  0.000000  0.000000  0.000000  0.000000  0 
0.000000  1 3 1 238.000000  3222.000000  0.000000  0.000000  0.000000  0.000000  0.000000  1.000000  0.000000  0.000000  0.000000  0.000000  0.000000  0.000000  0.000000  0.000000  0.000000  0.000000  2.000000  4.000000  0.000000  0.000000  0.000000  0.000000  1.000000  0.000000  0.500000  255.000000  249.000000  0.980000  0.010000  0.000000  0.000000  0.000000  0.000000  0.000000  0.000000  0 
0.000000  1 3 1 231.000000  2507.000000  0.000000  0.000000  0.000000  0.000000  0.000000  1.000000  0.000000  0.000000  0.000000  0.000000  0.000000  0.000000  0.000000  0.000000  0.000000  0.000000  5.000000  5.000000  0.000000  0.000000  0.000000  0.000000  1.000000  0.000000  0.000000  255.000000  249.000000  0.980000  0.010000  0.000000  0.000000  0.000000  0.000000  0.000000  0.000000  0 
0.000000  1 3 1 176.000000  4286.000000  0.000000  0.000000  0.000000  0.000000  0.000000  1.000000  0.000000  0.000000  0.000000  0.000000  0.000000  0.000000  0.000000  0.000000  0.000000  0.000000  2.000000  2.000000  0.000000  0.000000  0.000000  0.000000  1.000000  0.000000  0.000000  255.000000  249.000000  0.980000  0.010000  0.000000  0.000000  0.000000  0.000000  0.000000  0.000000  0 
0.000000  1 3 1 236.000000  3222.000000  0.000000  0.000000  0.000000  0.000000  0.000000  1.000000  0.000000  0.000000  0.000000  0.000000  0.000000  0.000000  0.000000  0.000000  0.000000  0.000000  3.000000  2.000000  0.000000  0.000000  0.330000  0.000000  0.670000  0.670000  0.000000  255.000000  249.000000  0.980000  0.010000  0.000000  0.000000  0.000000  0.000000  0.000000  0.000000  0 
10.000000  1 5 1 10676.000000  926.000000  0.000000  0.000000  0.000000  0.000000  0.000000  1.000000  0.000000  0.000000  0.000000  0.000000  0.000000  0.000000  0.000000  0.000000  0.000000  0.000000  1.000000  6.000000  0.000000  0.000000  0.000000  0.000000  1.000000  0.000000  1.000000  255.000000  10.000000  0.040000  0.010000  0.000000  0.000000  0.000000  0.000000  0.000000  0.000000  0 
0.000000  1 3 1 232.000000  1380.000000  0.000000  0.000000  0.000000  0.000000  0.000000  1.000000  0.000000  0.000000  0.000000  0.000000  0.000000  0.000000  0.000000  0.000000  0.000000  0.000000  2.000000  4.000000  0.000000  0.000000  0.000000  0.000000  1.000000  0.000000  0.750000  255.000000  245.000000  0.960000  0.010000  0.000000  0.000000  0.000000  0.000000  0.000000  0.000000  0 
0.000000  1 3 1 226.000000  5357.000000  0.000000  0.000000  0.000000  0.000000  0.000000  1.000000  0.000000  0.000000  0.000000  0.000000  0.000000  0.000000  0.000000  0.000000  0.000000  0.000000  2.000000  2.000000  0.000000  0.000000  0.000000  0.000000  1.000000  0.000000  0.000000  255.000000  245.000000  0.960000  0.010000  0.000000  0.000000  0.000000  0.000000  0.000000  0.000000  0 
89.000000  1 3 1 255.000000  275.000000  0.000000  0.000000  0.000000  0.000000  0.000000  1.000000  0.000000  0.000000  0.000000  0.000000  0.000000  0.000000  0.000000  0.000000  0.000000  0.000000  10.000000  12.000000  0.000000  0.000000  0.100000  0.000000  0.900000  0.200000  0.250000  255.000000  245.000000  0.960000  0.010000  0.000000  0.000000  0.000000  0.000000  0.000000  0.000000  0 
0.000000  1 3 1 173.000000  4498.000000  0.000000  0.000000  0.000000  0.000000  0.000000  1.000000  0.000000  0.000000  0.000000  0.000000  0.000000  0.000000  0.000000  0.000000  0.000000  0.000000  1.000000  1.000000  0.000000  0.000000  0.000000  0.000000  1.000000  0.000000  0.000000  255.000000  246.000000  0.960000  0.010000  0.000000  0.000000  0.000000  0.000000  0.000000  0.000000  0 
0.000000  1 3 1 233.000000  477.000000  0.000000  0.000000  0.000000  0.000000  0.000000  1.000000  0.000000  0.000000  0.000000  0.000000  0.000000  0.000000  0.000000  0.000000  0.000000  0.000000  9.000000  8.000000  0.000000  0.000000  0.110000  0.000000  0.890000  0.220000  0.000000  255.000000  246.000000  0.960000  0.010000  0.000000  0.000000  0.000000  0.000000  0.000000  0.000000  0 
0.000000  1 3 1 232.000000  2507.000000  0.000000  0.000000  0.000000  0.000000  0.000000  1.000000  0.000000  0.000000  0.000000  0.000000  0.000000  0.000000  0.000000  0.000000  0.000000  0.000000  5.000000  5.000000  0.000000  0.000000  0.000000  0.000000  1.000000  0.000000  0.000000  255.000000  247.000000  0.970000  0.010000  0.000000  0.000000  0.000000  0.000000  0.000000  0.000000  0 
0.000000  1 3 1 302.000000  2239.000000  0.000000  0.000000  0.000000  0.000000  0.000000  1.000000  0.000000  0.000000  0.000000  0.000000  0.000000  0.000000  0.000000  0.000000  0.000000  0.000000  6.000000  6.000000  0.000000  0.000000  0.000000  0.000000  1.000000  0.000000  0.000000  255.000000  247.000000  0.970000  0.010000  0.000000  0.000000  0.000000  0.000000  0.000000  0.000000  0 
8.000000  1 3 1 266.000000  4740.000000  0.000000  0.000000  0.000000  0.000000  0.000000  1.000000  0.000000  0.000000  0.000000  0.000000  0.000000  0.000000  0.000000  0.000000  0.000000  0.000000  1.000000  1.000000  0.000000  0.000000  0.000000  0.000000  1.000000  0.000000  0.000000  255.000000  247.000000  0.970000  0.010000  0.000000  0.000000  0.000000  0.000000  0.000000  0.000000  0 
0.000000  1 3 1 234.000000  3222.000000  0.000000  0.000000  0.000000  0.000000  0.000000  1.000000  0.000000  0.000000  0.000000  0.000000  0.000000  0.000000  0.000000  0.000000  0.000000  0.000000  3.000000  3.000000  0.000000  0.000000  0.000000  0.000000  1.000000  0.000000  0.000000  255.000000  247.000000  0.970000  0.010000  0.000000  0.000000  0.000000  0.000000  0.000000  0.000000  0 
0.000000  1 3 1 306.000000  2507.000000  0.000000  0.000000  0.000000  0.000000  0.000000  1.000000  0.000000  0.000000  0.000000  0.000000  0.000000  0.000000  0.000000  0.000000  0.000000  0.000000  5.000000  5.000000  0.000000  0.000000  0.000000  0.000000  1.000000  0.000000  0.000000  255.000000  249.000000  0.980000  0.010000  0.000000  0.000000  0.000000  0.000000  0.000000  0.000000  0 
0.000000  1 3 1 259.000000  4868.000000  0.000000  0.000000  0.000000  0.000000  0.000000  1.000000  0.000000  0.000000  0.000000  0.000000  0.000000  0.000000  0.000000  0.000000  0.000000  0.000000  1.000000  2.000000  0.000000  0.000000  0.000000  0.000000  1.000000  0.000000  1.000000  255.000000  250.000000  0.980000  0.010000  0.000000  0.000000  0.000000  0.000000  0.000000  0.000000  0 
0.000000  1 3 1 303.000000  3222.000000  0.000000  0.000000  0.000000  0.000000  0.000000  1.000000  0.000000  0.000000  0.000000  0.000000  0.000000  0.000000  0.000000  0.000000  0.000000  0.000000  6.000000  6.000000  0.000000  0.000000  0.000000  0.000000  1.000000  0.000000  0.000000  255.000000  249.000000  0.980000  0.010000  0.000000  0.000000  0.000000  0.000000  0.000000  0.000000  0 
0.000000  1 3 1 297.000000  5357.000000  0.000000  0.000000  0.000000  0.000000  0.000000  1.000000  0.000000  0.000000  0.000000  0.000000  0.000000  0.000000  0.000000  0.000000  0.000000  0.000000  2.000000  2.000000  0.000000  0.000000  0.000000  0.000000  1.000000  0.000000  0.000000  255.000000  248.000000  0.970000  0.010000  0.000000  0.000000  0.000000  0.000000  0.000000  0.000000  0 
0.000000  1 3 1 250.000000  1774.000000  0.000000  0.000000  0.000000  0.000000  0.000000  1.000000  0.000000  0.000000  0.000000  0.000000  0.000000  0.000000  0.000000  0.000000  0.000000  0.000000  1.000000  1.000000  0.000000  0.000000  0.000000  0.000000  1.000000  0.000000  0.000000  255.000000  247.000000  0.970000  0.010000  0.000000  0.000000  0.000000  0.000000  0.000000  0.000000  0 
0.000000  1 3 1 311.000000  3222.000000  0.000000  0.000000  0.000000  0.000000  0.000000  1.000000  0.000000  0.000000  0.000000  0.000000  0.000000  0.000000  0.000000  0.000000  0.000000  0.000000  2.000000  2.000000  0.000000  0.000000  0.000000  0.000000  1.000000  0.000000  0.000000  255.000000  247.000000  0.970000  0.010000  0.000000  0.000000  0.000000  0.000000  0.000000  0.000000  0 
0.000000  1 3 1 298.000000  2239.000000  0.000000  0.000000  0.000000  0.000000  0.000000  1.000000  0.000000  0.000000  0.000000  0.000000  0.000000  0.000000  0.000000  0.000000  0.000000  0.000000  12.000000  12.000000  0.000000  0.000000  0.000000  0.000000  1.000000  0.000000  0.000000  255.000000  247.000000  0.970000  0.010000  0.000000  0.000000  0.000000  0.000000  0.000000  0.000000  0 
0.000000  1 3 1 301.000000  1075.000000  0.000000  0.000000  0.000000  0.000000  0.000000  1.000000  0.000000  0.000000  0.000000  0.000000  0.000000  0.000000  0.000000  0.000000  0.000000  0.000000  7.000000  7.000000  0.000000  0.000000  0.000000  0.000000  1.000000  0.000000  0.000000  255.000000  246.000000  0.960000  0.010000  0.000000  0.000000  0.000000  0.000000  0.000000  0.000000  0 
0.000000  1 3 1 332.000000  282.000000  0.000000  0.000000  0.000000  0.000000  0.000000  1.000000  0.000000  0.000000  0.000000  0.000000  0.000000  0.000000  0.000000  0.000000  0.000000  0.000000  2.000000  2.000000  0.000000  0.000000  0.000000  0.000000  1.000000  0.000000  0.000000  255.000000  245.000000  0.960000  0.010000  0.000000  0.000000  0.000000  0.000000  0.000000  0.000000  0 
0.000000  1 3 1 311.000000  3222.000000  0.000000  0.000000  0.000000  0.000000  0.000000  1.000000  0.000000  0.000000  0.000000  0.000000  0.000000  0.000000  0.000000  0.000000  0.000000  0.000000  3.000000  3.000000  0.000000  0.000000  0.000000  0.000000  1.000000  0.000000  0.000000  255.000000  245.000000  0.960000  0.010000  0.000000  0.000000  0.000000  0.000000  0.000000  0.000000  0 
0.000000  1 3 1 300.000000  2239.000000  0.000000  0.000000  0.000000  0.000000  0.000000  1.000000  0.000000  0.000000  0.000000  0.000000  0.000000  0.000000  0.000000  0.000000  0.000000  0.000000  6.000000  6.000000  0.000000  0.000000  0.000000  0.000000  1.000000  0.000000  0.000000  255.000000  245.000000  0.960000  0.010000  0.000000  0.000000  0.000000  0.000000  0.000000  0.000000  0 
0.000000  1 3 1 299.000000  2239.000000  0.000000  0.000000  0.000000  0.000000  0.000000  1.000000  0.000000  0.000000  0.000000  0.000000  0.000000  0.000000  0.000000  0.000000  0.000000  0.000000  6.000000  6.000000  0.000000  0.000000  0.000000  0.000000  1.000000  0.000000  0.000000  255.000000  245.000000  0.960000  0.010000  0.000000  0.000000  0.000000  0.000000  0.000000  0.000000  0 
0.000000  1 3 1 251.000000  2742.000000  0.000000  0.000000  0.000000  0.000000  0.000000  1.000000  0.000000  0.000000  0.000000  0.000000  0.000000  0.000000  0.000000  0.000000  0.000000  0.000000  1.000000  1.000000  0.000000  0.000000  0.000000  0.000000  1.000000  0.000000  0.000000  255.000000  246.000000  0.960000  0.010000  0.000000  0.000000  0.000000  0.000000  0.000000  0.000000  0 
0.000000  1 3 1 318.000000  270.000000  0.000000  0.000000  0.000000  0.000000  0.000000  1.000000  0.000000  0.000000  0.000000  0.000000  0.000000  0.000000  0.000000  0.000000  0.000000  0.000000  5.000000  4.000000  0.000000  0.000000  0.200000  0.000000  0.800000  0.400000  0.000000  255.000000  246.000000  0.960000  0.010000  0.000000  0.000000  0.000000  0.000000  0.000000  0.000000  0 
0.000000  1 3 1 323.000000  271.000000  0.000000  0.000000  0.000000  0.000000  0.000000  1.000000  0.000000  0.000000  0.000000  0.000000  0.000000  0.000000  0.000000  0.000000  0.000000  0.000000  3.000000  3.000000  0.000000  0.000000  0.000000  0.000000  1.000000  0.000000  0.000000  255.000000  246.000000  0.960000  0.010000  0.000000  0.000000  0.000000  0.000000  0.000000  0.000000  0 
0.000000  1 3 1 314.000000  2698.000000  0.000000  0.000000  0.000000  0.000000  0.000000  1.000000  0.000000  0.000000  0.000000  0.000000  0.000000  0.000000  1.000000  0.000000  0.000000  0.000000  1.000000  1.000000  0.000000  0.000000  0.000000  0.000000  1.000000  0.000000  0.000000  255.000000  246.000000  0.960000  0.010000  0.000000  0.000000  0.000000  0.000000  0.000000  0.000000  0 
0.000000  1 3 1 313.000000  2698.000000  0.000000  0.000000  0.000000  0.000000  0.000000  1.000000  0.000000  0.000000  0.000000  0.000000  0.000000  0.000000  1.000000  0.000000  0.000000  0.000000  2.000000  2.000000  0.000000  0.000000  0.000000  0.000000  1.000000  0.000000  0.000000  255.000000  250.000000  0.980000  0.010000  0.000000  0.000000  0.000000  0.000000  0.000000  0.000000  0 
0.000000  1 3 1 313.000000  2698.000000  0.000000  0.000000  0.000000  0.000000  0.000000  1.000000  0.000000  0.000000  0.000000  0.000000  0.000000  0.000000  1.000000  0.000000  0.000000  0.000000  1.000000  7.000000  0.000000  0.000000  0.000000  0.140000  1.000000  0.000000  0.430000  255.000000  250.000000  0.980000  0.010000  0.000000  0.000000  0.000000  0.000000  0.000000  0.000000  0 
0.000000  1 3 1 306.000000  1380.000000  0.000000  0.000000  0.000000  0.000000  0.000000  1.000000  0.000000  0.000000  0.000000  0.000000  0.000000  0.000000  0.000000  0.000000  0.000000  0.000000  4.000000  11.000000  0.000000  0.090000  0.000000  0.000000  1.000000  0.000000  0.180000  255.000000  250.000000  0.980000  0.010000  0.000000  0.000000  0.000000  0.000000  0.000000  0.000000  0 
0.000000  1 3 1 306.000000  1075.000000  0.000000  0.000000  0.000000  0.000000  0.000000  1.000000  0.000000  0.000000  0.000000  0.000000  0.000000  0.000000  0.000000  0.000000  0.000000  0.000000  8.000000  16.000000  0.000000  0.000000  0.120000  0.000000  0.880000  0.250000  0.120000  255.000000  250.000000  0.980000  0.010000  0.000000  0.000000  0.000000  0.000000  0.000000  0.000000  0 
0.000000  1 3 1 338.000000  278.000000  0.000000  0.000000  0.000000  0.000000  0.000000  1.000000  0.000000  0.000000  0.000000  0.000000  0.000000  0.000000  0.000000  0.000000  0.000000  0.000000  4.000000  4.000000  0.000000  0.000000  0.000000  0.000000  1.000000  0.000000  0.000000  255.000000  248.000000  0.970000  0.010000  0.000000  0.000000  0.000000  0.000000  0.000000  0.000000  0 
0.000000  1 3 1 307.000000  2239.000000  0.000000  0.000000  0.000000  0.000000  0.000000  1.000000  0.000000  0.000000  0.000000  0.000000  0.000000  0.000000  0.000000  0.000000  0.000000  0.000000  7.000000  7.000000  0.000000  0.000000  0.140000  0.000000  0.860000  0.290000  0.290000  255.000000  246.000000  0.960000  0.010000  0.000000  0.000000  0.000000  0.000000  0.000000  0.000000  0 
0.000000  1 3 1 302.000000  2507.000000  0.000000  0.000000  0.000000  0.000000  0.000000  1.000000  0.000000  0.000000  0.000000  0.000000  0.000000  0.000000  0.000000  0.000000  0.000000  0.000000  2.000000  2.000000  0.000000  0.000000  0.000000  0.000000  1.000000  0.000000  0.000000  255.000000  246.000000  0.960000  0.010000  0.000000  0.000000  0.000000  0.000000  0.000000  0.000000  0 
0.000000  1 3 1 251.000000  1875.000000  0.000000  0.000000  0.000000  0.000000  0.000000  1.000000  0.000000  0.000000  0.000000  0.000000  0.000000  0.000000  0.000000  0.000000  0.000000  0.000000  1.000000  1.000000  0.000000  0.000000  0.000000  0.000000  1.000000  0.000000  0.000000  255.000000  246.000000  0.960000  0.010000  0.000000  0.000000  0.000000  0.000000  0.000000  0.000000  0 
0.000000  1 3 1 330.000000  277.000000  0.000000  0.000000  0.000000  0.000000  0.000000  1.000000  0.000000  0.000000  0.000000  0.000000  0.000000  0.000000  0.000000  0.000000  0.000000  0.000000  4.000000  24.000000  0.000000  0.000000  0.000000  0.000000  1.000000  0.000000  0.080000  255.000000  246.000000  0.960000  0.010000  0.000000  0.000000  0.000000  0.000000  0.000000  0.000000  0 
0.000000  1 3 1 325.000000  272.000000  0.000000  0.000000  0.000000  0.000000  0.000000  1.000000  0.000000  0.000000  0.000000  0.000000  0.000000  0.000000  0.000000  0.000000  0.000000  0.000000  2.000000  2.000000  0.000000  0.000000  0.000000  0.000000  1.000000  0.000000  0.000000  255.000000  246.000000  0.960000  0.010000  0.000000  0.000000  0.000000  0.000000  0.000000  0.000000  0 
0.000000  1 3 1 308.000000  2698.000000  0.000000  0.000000  0.000000  0.000000  0.000000  1.000000  0.000000  0.000000  0.000000  0.000000  0.000000  0.000000  1.000000  0.000000  0.000000  0.000000  3.000000  5.000000  0.000000  0.200000  0.000000  0.000000  1.000000  0.000000  0.400000  255.000000  246.000000  0.960000  0.010000  0.000000  0.000000  0.000000  0.000000  0.000000  0.000000  0 
0.000000  1 3 1 320.000000  270.000000  0.000000  0.000000  0.000000  0.000000  0.000000  1.000000  0.000000  0.000000  0.000000  0.000000  0.000000  0.000000  0.000000  0.000000  0.000000  0.000000  6.000000  6.000000  0.000000  0.000000  0.000000  0.000000  1.000000  0.000000  0.000000  255.000000  247.000000  0.970000  0.010000  0.000000  0.000000  0.000000  0.000000  0.000000  0.000000  0 
0.000000  1 3 1 308.000000  1075.000000  0.000000  0.000000  0.000000  0.000000  0.000000  1.000000  0.000000  0.000000  0.000000  0.000000  0.000000  0.000000  0.000000  0.000000  0.000000  0.000000  6.000000  6.000000  0.000000  0.000000  0.000000  0.000000  1.000000  0.000000  0.000000  255.000000  247.000000  0.970000  0.010000  0.000000  0.000000  0.000000  0.000000  0.000000  0.000000  0 
0.000000  1 3 1 262.000000  270.000000  0.000000  0.000000  0.000000  0.000000  0.000000  1.000000  0.000000  0.000000  0.000000  0.000000  0.000000  0.000000  0.000000  0.000000  0.000000  0.000000  3.000000  3.000000  0.000000  0.000000  0.000000  0.000000  1.000000  0.000000  0.000000  255.000000  247.000000  0.970000  0.010000  0.000000  0.000000  0.000000  0.000000  0.000000  0.000000  0 
0.000000  1 3 1 229.000000  2507.000000  0.000000  0.000000  0.000000  0.000000  0.000000  1.000000  0.000000  0.000000  0.000000  0.000000  0.000000  0.000000  0.000000  0.000000  0.000000  0.000000  5.000000  5.000000  0.000000  0.000000  0.000000  0.000000  1.000000  0.000000  0.000000  255.000000  248.000000  0.970000  0.010000  0.000000  0.000000  0.000000  0.000000  0.000000  0.000000  0 
0.000000  1 3 1 268.000000  5032.000000  0.000000  0.000000  0.000000  0.000000  0.000000  1.000000  0.000000  0.000000  0.000000  0.000000  0.000000  0.000000  0.000000  0.000000  0.000000  0.000000  1.000000  1.000000  0.000000  0.000000  0.000000  0.000000  1.000000  0.000000  0.000000  255.000000  248.000000  0.970000  0.010000  0.000000  0.000000  0.000000  0.000000  0.000000  0.000000  0 
0.000000  1 3 1 303.000000  2507.000000  0.000000  0.000000  0.000000  0.000000  0.000000  1.000000  0.000000  0.000000  0.000000  0.000000  0.000000  0.000000  0.000000  0.000000  0.000000  0.000000  6.000000  5.000000  0.000000  0.000000  0.170000  0.000000  0.830000  0.330000  0.000000  255.000000  249.000000  0.980000  0.010000  0.000000  0.000000  0.000000  0.000000  0.000000  0.000000  0 
0.000000  1 3 1 299.000000  5357.000000  0.000000  0.000000  0.000000  0.000000  0.000000  1.000000  0.000000  0.000000  0.000000  0.000000  0.000000  0.000000  0.000000  0.000000  0.000000  0.000000  2.000000  1.000000  0.000000  0.000000  0.500000  0.000000  0.500000  1.000000  0.000000  255.000000  250.000000  0.980000  0.010000  0.000000  0.000000  0.000000  0.000000  0.000000  0.000000  0 
0.000000  1 3 1 232.000000  2507.000000  0.000000  0.000000  0.000000  0.000000  0.000000  1.000000  0.000000  0.000000  0.000000  0.000000  0.000000  0.000000  0.000000  0.000000  0.000000  0.000000  5.000000  5.000000  0.000000  0.000000  0.000000  0.000000  1.000000  0.000000  0.000000  255.000000  250.000000  0.980000  0.010000  0.000000  0.000000  0.000000  0.000000  0.000000  0.000000  0 
0.000000  1 3 1 233.000000  261.000000  0.000000  0.000000  0.000000  0.000000  0.000000  1.000000  0.000000  0.000000  0.000000  0.000000  0.000000  0.000000  0.000000  0.000000  0.000000  0.000000  5.000000  5.000000  0.000000  0.000000  0.000000  0.000000  1.000000  0.000000  0.000000  255.000000  250.000000  0.980000  0.010000  0.000000  0.000000  0.000000  0.000000  0.000000  0.000000  0 
0.000000  1 3 1 226.000000  1075.000000  0.000000  0.000000  0.000000  0.000000  0.000000  1.000000  0.000000  0.000000  0.000000  0.000000  0.000000  0.000000  0.000000  0.000000  0.000000  0.000000  7.000000  7.000000  0.000000  0.000000  0.000000  0.000000  1.000000  0.000000  0.000000  255.000000  250.000000  0.980000  0.010000  0.000000  0.000000  0.000000  0.000000  0.000000  0.000000  0 
0.000000  1 3 1 232.000000  2013.000000  0.000000  0.000000  0.000000  0.000000  0.000000  1.000000  0.000000  0.000000  0.000000  0.000000  0.000000  0.000000  0.000000  0.000000  0.000000  0.000000  2.000000  2.000000  0.000000  0.000000  0.000000  0.000000  1.000000  0.000000  0.000000  255.000000  250.000000  0.980000  0.010000  0.000000  0.000000  0.000000  0.000000  0.000000  0.000000  0 
0.000000  1 3 1 233.000000  2239.000000  0.000000  0.000000  0.000000  0.000000  0.000000  1.000000  0.000000  0.000000  0.000000  0.000000  0.000000  0.000000  0.000000  0.000000  0.000000  0.000000  7.000000  7.000000  0.000000  0.000000  0.000000  0.000000  1.000000  0.000000  0.000000  255.000000  250.000000  0.980000  0.010000  0.000000  0.000000  0.000000  0.000000  0.000000  0.000000  0 
0.000000  1 3 1 182.000000  28735.000000  0.000000  0.000000  0.000000  0.000000  0.000000  1.000000  0.000000  0.000000  0.000000  0.000000  0.000000  0.000000  0.000000  0.000000  0.000000  0.000000  1.000000  1.000000  0.000000  0.000000  0.000000  0.000000  1.000000  0.000000  0.000000  255.000000  250.000000  0.980000  0.010000  0.000000  0.000000  0.000000  0.000000  0.000000  0.000000  0 
0.000000  1 3 1 231.000000  2698.000000  0.000000  0.000000  0.000000  0.000000  0.000000  1.000000  0.000000  0.000000  0.000000  0.000000  0.000000  0.000000  1.000000  0.000000  0.000000  0.000000  4.000000  4.000000  0.000000  0.000000  0.000000  0.000000  1.000000  0.000000  0.000000  255.000000  250.000000  0.980000  0.010000  0.000000  0.000000  0.000000  0.000000  0.000000  0.000000  0 
0.000000  1 3 1 229.000000  2239.000000  0.000000  0.000000  0.000000  0.000000  0.000000  1.000000  0.000000  0.000000  0.000000  0.000000  0.000000  0.000000  0.000000  0.000000  0.000000  0.000000  6.000000  6.000000  0.000000  0.000000  0.000000  0.000000  1.000000  0.000000  0.000000  255.000000  250.000000  0.980000  0.010000  0.000000  0.000000  0.000000  0.000000  0.000000  0.000000  0 
0.000000  1 3 1 229.000000  1380.000000  0.000000  0.000000  0.000000  0.000000  0.000000  1.000000  0.000000  0.000000  0.000000  0.000000  0.000000  0.000000  0.000000  0.000000  0.000000  0.000000  3.000000  3.000000  0.000000  0.000000  0.000000  0.000000  1.000000  0.000000  0.000000  255.000000  250.000000  0.980000  0.010000  0.000000  0.000000  0.000000  0.000000  0.000000  0.000000  0 
0.000000  1 3 1 180.000000  2174.000000  0.000000  0.000000  0.000000  0.000000  0.000000  1.000000  0.000000  0.000000  0.000000  0.000000  0.000000  0.000000  0.000000  0.000000  0.000000  0.000000  1.000000  1.000000  0.000000  0.000000  0.000000  0.000000  1.000000  0.000000  0.000000  255.000000  249.000000  0.980000  0.010000  0.000000  0.000000  0.000000  0.000000  0.000000  0.000000  0 
0.000000  1 3 1 232.000000  5357.000000  0.000000  0.000000  0.000000  0.000000  0.000000  1.000000  0.000000  0.000000  0.000000  0.000000  0.000000  0.000000  0.000000  0.000000  0.000000  0.000000  2.000000  2.000000  0.000000  0.000000  0.000000  0.000000  1.000000  0.000000  0.000000  255.000000  247.000000  0.970000  0.010000  0.000000  0.000000  0.000000  0.000000  0.000000  0.000000  0 
0.000000  1 3 1 235.000000  2239.000000  0.000000  0.000000  0.000000  0.000000  0.000000  1.000000  0.000000  0.000000  0.000000  0.000000  0.000000  0.000000  0.000000  0.000000  0.000000  0.000000  6.000000  6.000000  0.000000  0.000000  0.000000  0.000000  1.000000  0.000000  0.000000  255.000000  249.000000  0.980000  0.010000  0.000000  0.000000  0.000000  0.000000  0.000000  0.000000  0 
0.000000  1 5 1 927.000000  481.000000  0.000000  0.000000  0.000000  0.000000  0.000000  1.000000  0.000000  0.000000  0.000000  0.000000  0.000000  0.000000  0.000000  0.000000  0.000000  0.000000  1.000000  1.000000  0.000000  0.000000  0.000000  0.000000  1.000000  0.000000  0.000000  255.000000  4.000000  0.020000  0.010000  0.000000  0.000000  0.000000  0.000000  0.000000  0.000000  0 
0.000000  1 3 1 230.000000  1075.000000  0.000000  0.000000  0.000000  0.000000  0.000000  1.000000  0.000000  0.000000  0.000000  0.000000  0.000000  0.000000  0.000000  0.000000  0.000000  0.000000  7.000000  7.000000  0.000000  0.000000  0.000000  0.000000  1.000000  0.000000  0.000000  255.000000  249.000000  0.980000  0.010000  0.000000  0.000000  0.000000  0.000000  0.000000  0.000000  0 
0.000000  1 3 1 177.000000  2175.000000  0.000000  0.000000  0.000000  0.000000  0.000000  1.000000  0.000000  0.000000  0.000000  0.000000  0.000000  0.000000  0.000000  0.000000  0.000000  0.000000  1.000000  1.000000  0.000000  0.000000  0.000000  0.000000  1.000000  0.000000  0.000000  255.000000  249.000000  0.980000  0.010000  0.000000  0.000000  0.000000  0.000000  0.000000  0.000000  0 
0.000000  1 3 1 229.000000  258.000000  0.000000  0.000000  0.000000  0.000000  0.000000  1.000000  0.000000  0.000000  0.000000  0.000000  0.000000  0.000000  0.000000  0.000000  0.000000  0.000000  2.000000  2.000000  0.000000  0.000000  0.000000  0.000000  1.000000  0.000000  0.000000  255.000000  249.000000  0.980000  0.010000  0.000000  0.000000  0.000000  0.000000  0.000000  0.000000  0 
0.000000  1 3 1 203.000000  8186.000000  0.000000  0.000000  0.000000  0.000000  0.000000  1.000000  0.000000  0.000000  0.000000  0.000000  0.000000  0.000000  0.000000  0.000000  0.000000  0.000000  1.000000  1.000000  0.000000  0.000000  0.000000  0.000000  1.000000  0.000000  0.000000  255.000000  249.000000  0.980000  0.010000  0.000000  0.000000  0.000000  0.000000  0.000000  0.000000  0 
0.000000  1 5 1 10554.000000  922.000000  0.000000  0.000000  0.000000  0.000000  0.000000  1.000000  0.000000  0.000000  0.000000  0.000000  0.000000  0.000000  0.000000  0.000000  0.000000  0.000000  1.000000  1.000000  0.000000  0.000000  0.000000  0.000000  1.000000  0.000000  0.000000  255.000000  5.000000  0.020000  0.010000  0.000000  0.000000  0.000000  0.000000  0.000000  0.000000  0 
0.000000  1 3 1 231.000000  2507.000000  0.000000  0.000000  0.000000  0.000000  0.000000  1.000000  0.000000  0.000000  0.000000  0.000000  0.000000  0.000000  0.000000  0.000000  0.000000  0.000000  9.000000  9.000000  0.000000  0.000000  0.000000  0.000000  1.000000  0.000000  0.000000  255.000000  247.000000  0.970000  0.010000  0.000000  0.000000  0.000000  0.000000  0.000000  0.000000  0 
0.000000  1 3 1 230.000000  2239.000000  0.000000  0.000000  0.000000  0.000000  0.000000  1.000000  0.000000  0.000000  0.000000  0.000000  0.000000  0.000000  0.000000  0.000000  0.000000  0.000000  4.000000  4.000000  0.000000  0.000000  0.000000  0.000000  1.000000  0.000000  0.000000  255.000000  247.000000  0.970000  0.010000  0.000000  0.000000  0.000000  0.000000  0.000000  0.000000  0 
0.000000  1 3 1 183.000000  3383.000000  0.000000  0.000000  0.000000  0.000000  0.000000  1.000000  0.000000  0.000000  0.000000  0.000000  0.000000  0.000000  0.000000  0.000000  0.000000  0.000000  1.000000  1.000000  0.000000  0.000000  0.000000  0.000000  1.000000  0.000000  0.000000  255.000000  248.000000  0.970000  0.010000  0.000000  0.000000  0.000000  0.000000  0.000000  0.000000  0 
0.000000  1 3 1 234.000000  2698.000000  0.000000  0.000000  0.000000  0.000000  0.000000  1.000000  0.000000  0.000000  0.000000  0.000000  0.000000  0.000000  1.000000  0.000000  0.000000  0.000000  4.000000  4.000000  0.000000  0.000000  0.000000  0.000000  1.000000  0.000000  0.000000  255.000000  248.000000  0.970000  0.010000  0.000000  0.000000  0.000000  0.000000  0.000000  0.000000  0 
0.000000  1 3 1 233.000000  2239.000000  0.000000  0.000000  0.000000  0.000000  0.000000  1.000000  0.000000  0.000000  0.000000  0.000000  0.000000  0.000000  0.000000  0.000000  0.000000  0.000000  7.000000  7.000000  0.000000  0.000000  0.000000  0.000000  1.000000  0.000000  0.000000  255.000000  248.000000  0.970000  0.010000  0.000000  0.000000  0.000000  0.000000  0.000000  0.000000  0 
270.000000  1 3 1 266.000000  285.000000  0.000000  0.000000  0.000000  0.000000  0.000000  1.000000  0.000000  0.000000  0.000000  0.000000  0.000000  0.000000  0.000000  0.000000  0.000000  0.000000  2.000000  2.000000  0.000000  0.000000  0.000000  0.000000  1.000000  0.000000  0.000000  255.000000  248.000000  0.970000  0.010000  0.000000  0.000000  0.000000  0.000000  0.000000  0.000000  0 
0.000000  1 3 1 193.000000  12164.000000  0.000000  0.000000  0.000000  0.000000  0.000000  1.000000  0.000000  0.000000  0.000000  0.000000  0.000000  0.000000  0.000000  0.000000  0.000000  0.000000  1.000000  1.000000  0.000000  0.000000  0.000000  0.000000  1.000000  0.000000  0.000000  255.000000  247.000000  0.970000  0.010000  0.000000  0.000000  0.000000  0.000000  0.000000  0.000000  0 
0.000000  1 3 1 229.000000  1075.000000  0.000000  0.000000  0.000000  0.000000  0.000000  1.000000  0.000000  0.000000  0.000000  0.000000  0.000000  0.000000  0.000000  0.000000  0.000000  0.000000  3.000000  3.000000  0.000000  0.000000  0.000000  0.000000  1.000000  0.000000  0.000000  255.000000  247.000000  0.970000  0.010000  0.000000  0.000000  0.000000  0.000000  0.000000  0.000000  0 
0.000000  1 3 1 225.000000  2239.000000  0.000000  0.000000  0.000000  0.000000  0.000000  1.000000  0.000000  0.000000  0.000000  0.000000  0.000000  0.000000  0.000000  0.000000  0.000000  0.000000  6.000000  6.000000  0.000000  0.000000  0.000000  0.000000  1.000000  0.000000  0.000000  255.000000  247.000000  0.970000  0.010000  0.000000  0.000000  0.000000  0.000000  0.000000  0.000000  0 
0.000000  1 3 1 190.000000  1630.000000  0.000000  0.000000  0.000000  0.000000  0.000000  1.000000  0.000000  0.000000  0.000000  0.000000  0.000000  0.000000  0.000000  0.000000  0.000000  0.000000  1.000000  1.000000  0.000000  0.000000  0.000000  0.000000  1.000000  0.000000  0.000000  255.000000  247.000000  0.970000  0.010000  0.000000  0.000000  0.000000  0.000000  0.000000  0.000000  0 
104.000000  1 3 1 247.000000  266.000000  0.000000  0.000000  0.000000  0.000000  0.000000  1.000000  0.000000  0.000000  0.000000  0.000000  0.000000  0.000000  0.000000  0.000000  0.000000  0.000000  4.000000  4.000000  0.000000  0.000000  0.000000  0.000000  1.000000  0.000000  0.000000  255.000000  247.000000  0.970000  0.010000  0.000000  0.000000  0.000000  0.000000  0.000000  0.000000  0 
0.000000  1 3 1 259.000000  279.000000  0.000000  0.000000  0.000000  0.000000  0.000000  1.000000  0.000000  0.000000  0.000000  0.000000  0.000000  0.000000  0.000000  0.000000  0.000000  0.000000  2.000000  12.000000  0.000000  0.000000  0.000000  0.000000  1.000000  0.000000  0.170000  255.000000  247.000000  0.970000  0.010000  0.000000  0.000000  0.000000  0.000000  0.000000  0.000000  0 
0.000000  1 3 1 235.000000  1075.000000  0.000000  0.000000  0.000000  0.000000  0.000000  1.000000  0.000000  0.000000  0.000000  0.000000  0.000000  0.000000  0.000000  0.000000  0.000000  0.000000  7.000000  7.000000  0.000000  0.000000  0.000000  0.000000  1.000000  0.000000  0.000000  255.000000  245.000000  0.960000  0.020000  0.000000  0.000000  0.000000  0.000000  0.000000  0.000000  0 
0.000000  1 3 1 184.000000  1619.000000  0.000000  0.000000  0.000000  0.000000  0.000000  1.000000  0.000000  0.000000  0.000000  0.000000  0.000000  0.000000  0.000000  0.000000  0.000000  0.000000  1.000000  1.000000  0.000000  0.000000  0.000000  0.000000  1.000000  0.000000  0.000000  255.000000  245.000000  0.960000  0.020000  0.000000  0.000000  0.000000  0.000000  0.000000  0.000000  0 
0.000000  1 3 1 177.000000  1332.000000  0.000000  0.000000  0.000000  0.000000  0.000000  1.000000  0.000000  0.000000  0.000000  0.000000  0.000000  0.000000  0.000000  0.000000  0.000000  0.000000  1.000000  1.000000  0.000000  0.000000  0.000000  0.000000  1.000000  0.000000  0.000000  255.000000  245.000000  0.960000  0.020000  0.000000  0.000000  0.000000  0.000000  0.000000  0.000000  0 
0.000000  1 3 1 235.000000  3222.000000  0.000000  0.000000  0.000000  0.000000  0.000000  1.000000  0.000000  0.000000  0.000000  0.000000  0.000000  0.000000  0.000000  0.000000  0.000000  0.000000  2.000000  2.000000  0.000000  0.000000  0.000000  0.000000  1.000000  0.000000  0.000000  255.000000  245.000000  0.960000  0.020000  0.000000  0.000000  0.000000  0.000000  0.000000  0.000000  0 
0.000000  1 3 1 191.000000  13096.000000  0.000000  0.000000  0.000000  0.000000  0.000000  1.000000  0.000000  0.000000  0.000000  0.000000  0.000000  0.000000  0.000000  0.000000  0.000000  0.000000  1.000000  1.000000  0.000000  0.000000  0.000000  0.000000  1.000000  0.000000  0.000000  255.000000  245.000000  0.960000  0.020000  0.000000  0.000000  0.000000  0.000000  0.000000  0.000000  0 
2.000000  1 5 1 1320.000000  673.000000  0.000000  0.000000  0.000000  0.000000  0.000000  1.000000  0.000000  0.000000  0.000000  0.000000  0.000000  0.000000  0.000000  0.000000  0.000000  0.000000  1.000000  3.000000  0.000000  0.000000  0.000000  0.000000  1.000000  0.000000  1.000000  255.000000  9.000000  0.040000  0.020000  0.000000  0.000000  0.000000  0.000000  0.000000  0.000000  0 
0.000000  1 3 1 304.000000  1075.000000  0.000000  0.000000  0.000000  0.000000  0.000000  1.000000  0.000000  0.000000  0.000000  0.000000  0.000000  0.000000  0.000000  0.000000  0.000000  0.000000  5.000000  5.000000  0.000000  0.000000  0.000000  0.000000  1.000000  0.000000  0.000000  255.000000  244.000000  0.960000  0.020000  0.000000  0.000000  0.000000  0.000000  0.000000  0.000000  0 
