0.000000  1 5 1 2319.000000  333.000000  0.000000  0.000000  0.000000  0.000000  0.000000  1.000000  0.000000  0.000000  0.000000  0.000000  0.000000  0.000000  0.000000  0.000000  0.000000  0.000000  1.000000  1.000000  0.000000  0.000000  0.000000  0.000000  1.000000  0.000000  0.000000  203.000000  88.000000  0.420000  0.010000  0.000000  0.020000  0.000000  0.000000  0.000000  0.000000  0 
1.000000  1 5 1 1123.000000  329.000000  0.000000  0.000000  0.000000  0.000000  0.000000  1.000000  0.000000  0.000000  0.000000  0.000000  0.000000  0.000000  0.000000  0.000000  0.000000  0.000000  1.000000  1.000000  0.000000  0.000000  0.000000  0.000000  1.000000  0.000000  0.000000  213.000000  96.000000  0.450000  0.010000  0.000000  0.000000  0.000000  0.000000  0.000000  0.000000  0 
1.000000  1 5 1 2634.000000  327.000000  0.000000  0.000000  0.000000  0.000000  0.000000  1.000000  0.000000  0.000000  0.000000  0.000000  0.000000  0.000000  0.000000  0.000000  0.000000  0.000000  1.000000  1.000000  0.000000  0.000000  0.000000  0.000000  1.000000  0.000000  0.000000  223.000000  106.000000  0.480000  0.010000  0.000000  0.000000  0.000000  0.000000  0.000000  0.000000  0 
10.000000  1 5 1 1358.000000  329.000000  0.000000  0.000000  0.000000  0.000000  0.000000  1.000000  0.000000  0.000000  0.000000  0.000000  0.000000  0.000000  0.000000  0.000000  0.000000  0.000000  1.000000  1.000000  0.000000  0.000000  0.000000  0.000000  1.000000  0.000000  0.000000  233.000000  115.000000  0.490000  0.010000  0.000000  0.000000  0.000000  0.000000  0.000000  0.000000  0 
0.000000  1 5 1 1126.000000  336.000000  0.000000  0.000000  0.000000  0.000000  0.000000  1.000000  0.000000  0.000000  0.000000  0.000000  0.000000  0.000000  0.000000  0.000000  0.000000  0.000000  1.000000  1.000000  0.000000  0.000000  0.000000  0.000000  1.000000  0.000000  0.000000  243.000000  125.000000  0.510000  0.010000  0.000000  0.000000  0.000000  0.000000  0.000000  0.000000  0 
37.000000  1 5 1 1722.000000  376.000000  0.000000  0.000000  0.000000  0.000000  0.000000  1.000000  0.000000  0.000000  0.000000  0.000000  0.000000  0.000000  0.000000  0.000000  0.000000  0.000000  1.000000  1.000000  0.000000  0.000000  0.000000  0.000000  1.000000  0.000000  0.000000  253.000000  134.000000  0.530000  0.010000  0.000000  0.000000  0.000000  0.000000  0.000000  0.000000  0 
0.000000  1 4 1 1339.000000  0.000000  0.000000  0.000000  0.000000  0.000000  0.000000  0.000000  0.000000  0.000000  0.000000  0.000000  0.000000  0.000000  0.000000  0.000000  0.000000  0.000000  2.000000  2.000000  0.000000  0.000000  0.000000  0.000000  1.000000  0.000000  0.000000  255.000000  120.000000  0.470000  0.010000  0.470000  0.000000  0.000000  0.010000  0.000000  0.000000  0 
0.000000  1 4 1 40494.000000  0.000000  0.000000  0.000000  0.000000  0.000000  0.000000  0.000000  0.000000  0.000000  0.000000  0.000000  0.000000  0.000000  0.000000  0.000000  0.000000  0.000000  10.000000  10.000000  0.000000  0.000000  0.000000  0.000000  1.000000  0.000000  0.000000  255.000000  130.000000  0.510000  0.010000  0.510000  0.000000  0.000000  0.010000  0.000000  0.000000  0 
10.000000  1 5 1 1608.000000  331.000000  0.000000  0.000000  0.000000  0.000000  0.000000  1.000000  0.000000  0.000000  0.000000  0.000000  0.000000  0.000000  0.000000  0.000000  0.000000  0.000000  1.000000  1.000000  0.000000  0.000000  0.000000  0.000000  1.000000  0.000000  0.000000  255.000000  112.000000  0.440000  0.010000  0.000000  0.000000  0.000000  0.000000  0.000000  0.000000  0 
8.000000  1 5 1 1129.000000  331.000000  0.000000  0.000000  0.000000  0.000000  0.000000  1.000000  0.000000  0.000000  0.000000  0.000000  0.000000  0.000000  0.000000  0.000000  0.000000  0.000000  1.000000  2.000000  0.000000  0.000000  0.000000  0.000000  1.000000  0.000000  1.000000  255.000000  118.000000  0.460000  0.010000  0.000000  0.000000  0.000000  0.000000  0.000000  0.000000  0 
6.000000  1 5 1 5086.000000  367.000000  0.000000  0.000000  0.000000  0.000000  0.000000  1.000000  0.000000  0.000000  0.000000  0.000000  0.000000  0.000000  0.000000  0.000000  0.000000  0.000000  1.000000  1.000000  0.000000  0.000000  0.000000  0.000000  1.000000  0.000000  0.000000  255.000000  122.000000  0.480000  0.010000  0.000000  0.000000  0.000000  0.000000  0.000000  0.000000  0 
5.000000  1 5 1 1091.000000  333.000000  0.000000  0.000000  0.000000  0.000000  0.000000  1.000000  0.000000  0.000000  0.000000  0.000000  0.000000  0.000000  0.000000  0.000000  0.000000  0.000000  1.000000  1.000000  0.000000  0.000000  0.000000  0.000000  1.000000  0.000000  0.000000  255.000000  129.000000  0.510000  0.010000  0.000000  0.000000  0.000000  0.000000  0.000000  0.000000  0 
0.000000  1 5 1 4854.000000  327.000000  0.000000  0.000000  0.000000  0.000000  0.000000  1.000000  0.000000  0.000000  0.000000  0.000000  0.000000  0.000000  0.000000  0.000000  0.000000  0.000000  1.000000  1.000000  0.000000  0.000000  0.000000  0.000000  1.000000  0.000000  0.000000  255.000000  138.000000  0.540000  0.010000  0.000000  0.000000  0.000000  0.000000  0.000000  0.000000  0 
0.000000  1 2 2 0.000000  0.000000  0.000000  0.000000  0.000000  0.000000  0.000000  0.000000  0.000000  0.000000  0.000000  0.000000  0.000000  0.000000  0.000000  0.000000  0.000000  0.000000  1.000000  1.000000  0.000000  0.000000  1.000000  1.000000  1.000000  0.000000  0.000000  255.000000  1.000000  0.000000  0.020000  0.000000  0.000000  0.000000  0.000000  0.000000  1.000000  1 
0.000000  1 58 2 0.000000  0.000000  0.000000  0.000000  0.000000  0.000000  0.000000  0.000000  0.000000  0.000000  0.000000  0.000000  0.000000  0.000000  0.000000  0.000000  0.000000  0.000000  1.000000  1.000000  0.000000  0.000000  1.000000  1.000000  1.000000  0.000000  0.000000  255.000000  1.000000  0.000000  0.060000  0.040000  0.000000  0.000000  0.000000  0.040000  1.000000  1 
0.000000  1 21 2 0.000000  0.000000  0.000000  0.000000  0.000000  0.000000  0.000000  0.000000  0.000000  0.000000  0.000000  0.000000  0.000000  0.000000  0.000000  0.000000  0.000000  0.000000  1.000000  1.000000  0.000000  0.000000  1.000000  1.000000  1.000000  0.000000  0.000000  255.000000  1.000000  0.000000  0.100000  0.080000  0.000000  0.000000  0.000000  0.080000  1.000000  1 
0.000000  1 2 2 0.000000  0.000000  0.000000  0.000000  0.000000  0.000000  0.000000  0.000000  0.000000  0.000000  0.000000  0.000000  0.000000  0.000000  0.000000  0.000000  0.000000  0.000000  1.000000  1.000000  0.000000  0.000000  1.000000  1.000000  1.000000  0.000000  0.000000  255.000000  1.000000  0.000000  0.130000  0.120000  0.000000  0.000000  0.000000  0.120000  1.000000  1 
0.000000  1 2 2 0.000000  0.000000  0.000000  0.000000  0.000000  0.000000  0.000000  0.000000  0.000000  0.000000  0.000000  0.000000  0.000000  0.000000  0.000000  0.000000  0.000000  0.000000  1.000000  1.000000  0.000000  0.000000  1.000000  1.000000  1.000000  0.000000  0.000000  255.000000  1.000000  0.000000  0.170000  0.160000  0.000000  0.000000  0.000000  0.160000  1.000000  1 
0.000000  1 2 2 0.000000  0.000000  0.000000  0.000000  0.000000  0.000000  0.000000  0.000000  0.000000  0.000000  0.000000  0.000000  0.000000  0.000000  0.000000  0.000000  0.000000  0.000000  1.000000  1.000000  0.000000  0.000000  1.000000  1.000000  1.000000  0.000000  0.000000  255.000000  1.000000  0.000000  0.210000  0.200000  0.000000  0.000000  0.000000  0.200000  1.000000  1 
0.000000  1 2 2 0.000000  0.000000  0.000000  0.000000  0.000000  0.000000  0.000000  0.000000  0.000000  0.000000  0.000000  0.000000  0.000000  0.000000  0.000000  0.000000  0.000000  0.000000  1.000000  1.000000  0.000000  0.000000  1.000000  1.000000  1.000000  0.000000  0.000000  255.000000  1.000000  0.000000  0.250000  0.240000  0.000000  0.000000  0.000000  0.240000  1.000000  1 
0.000000  1 51 2 0.000000  0.000000  0.000000  0.000000  0.000000  0.000000  0.000000  0.000000  0.000000  0.000000  0.000000  0.000000  0.000000  0.000000  0.000000  0.000000  0.000000  0.000000  1.000000  1.000000  0.000000  0.000000  1.000000  1.000000  1.000000  0.000000  0.000000  255.000000  1.000000  0.000000  0.290000  0.280000  0.000000  0.000000  0.000000  0.280000  1.000000  1 
0.000000  1 2 2 0.000000  0.000000  0.000000  0.000000  0.000000  0.000000  0.000000  0.000000  0.000000  0.000000  0.000000  0.000000  0.000000  0.000000  0.000000  0.000000  0.000000  0.000000  1.000000  1.000000  0.000000  0.000000  1.000000  1.000000  1.000000  0.000000  0.000000  255.000000  1.000000  0.000000  0.320000  0.320000  0.000000  0.000000  0.000000  0.320000  1.000000  1 
0.000000  1 2 2 0.000000  0.000000  0.000000  0.000000  0.000000  0.000000  0.000000  0.000000  0.000000  0.000000  0.000000  0.000000  0.000000  0.000000  0.000000  0.000000  0.000000  0.000000  1.000000  1.000000  0.000000  0.000000  1.000000  1.000000  1.000000  0.000000  0.000000  255.000000  1.000000  0.000000  0.360000  0.360000  0.000000  0.000000  0.000000  0.360000  1.000000  1 
0.000000  1 24 2 0.000000  0.000000  0.000000  0.000000  0.000000  0.000000  0.000000  0.000000  0.000000  0.000000  0.000000  0.000000  0.000000  0.000000  0.000000  0.000000  0.000000  0.000000  1.000000  1.000000  0.000000  0.000000  1.000000  1.000000  1.000000  0.000000  0.000000  255.000000  1.000000  0.000000  0.400000  0.400000  0.000000  0.000000  0.000000  0.400000  1.000000  1 
0.000000  1 56 2 0.000000  0.000000  0.000000  0.000000  0.000000  0.000000  0.000000  0.000000  0.000000  0.000000  0.000000  0.000000  0.000000  0.000000  0.000000  0.000000  0.000000  0.000000  1.000000  1.000000  0.000000  0.000000  1.000000  1.000000  1.000000  0.000000  0.000000  255.000000  1.000000  0.000000  0.440000  0.440000  0.000000  0.000000  0.000000  0.440000  1.000000  1 
0.000000  1 2 2 0.000000  0.000000  0.000000  0.000000  0.000000  0.000000  0.000000  0.000000  0.000000  0.000000  0.000000  0.000000  0.000000  0.000000  0.000000  0.000000  0.000000  0.000000  1.000000  1.000000  0.000000  0.000000  1.000000  1.000000  1.000000  0.000000  0.000000  255.000000  1.000000  0.000000  0.480000  0.470000  0.000000  0.000000  0.000000  0.470000  1.000000  1 
0.000000  1 2 8 0.000000  0.000000  0.000000  0.000000  0.000000  0.000000  0.000000  0.000000  0.000000  0.000000  0.000000  0.000000  0.000000  0.000000  0.000000  0.000000  0.000000  0.000000  2.000000  1.000000  1.000000  1.000000  0.000000  0.000000  0.500000  1.000000  0.000000  14.000000  1.000000  0.070000  0.710000  0.500000  0.000000  0.500000  1.000000  0.000000  0.000000  1 
0.000000  1 2 8 0.000000  0.000000  0.000000  0.000000  0.000000  0.000000  0.000000  0.000000  0.000000  0.000000  0.000000  0.000000  0.000000  0.000000  0.000000  0.000000  0.000000  0.000000  1.000000  1.000000  1.000000  1.000000  0.000000  0.000000  1.000000  0.000000  0.000000  24.000000  1.000000  0.040000  0.750000  0.670000  0.000000  0.670000  1.000000  0.000000  0.000000  1 
0.000000  1 59 8 0.000000  0.000000  0.000000  0.000000  0.000000  0.000000  0.000000  0.000000  0.000000  0.000000  0.000000  0.000000  0.000000  0.000000  0.000000  0.000000  0.000000  0.000000  1.000000  1.000000  1.000000  1.000000  0.000000  0.000000  1.000000  0.000000  0.000000  34.000000  1.000000  0.030000  0.740000  0.760000  0.000000  0.760000  1.000000  0.000000  0.000000  1 
0.000000  1 2 8 0.000000  0.000000  0.000000  0.000000  0.000000  0.000000  0.000000  0.000000  0.000000  0.000000  0.000000  0.000000  0.000000  0.000000  0.000000  0.000000  0.000000  0.000000  1.000000  1.000000  1.000000  1.000000  0.000000  0.000000  1.000000  0.000000  0.000000  44.000000  1.000000  0.020000  0.770000  0.820000  0.000000  0.820000  1.000000  0.000000  0.000000  1 
0.000000  3 6 1 18.000000  0.000000  0.000000  0.000000  0.000000  0.000000  0.000000  0.000000  0.000000  0.000000  0.000000  0.000000  0.000000  0.000000  0.000000  0.000000  0.000000  0.000000  1.000000  1.000000  0.000000  0.000000  0.000000  0.000000  1.000000  0.000000  0.000000  2.000000  255.000000  1.000000  0.000000  1.000000  0.250000  0.000000  0.000000  0.000000  0.000000  1 
0.000000  3 6 1 18.000000  0.000000  0.000000  0.000000  0.000000  0.000000  0.000000  0.000000  0.000000  0.000000  0.000000  0.000000  0.000000  0.000000  0.000000  0.000000  0.000000  0.000000  1.000000  2.000000  0.000000  0.000000  0.000000  0.000000  1.000000  0.000000  1.000000  4.000000  255.000000  1.000000  0.000000  1.000000  0.250000  0.000000  0.000000  0.000000  0.000000  1 
0.000000  3 6 1 18.000000  0.000000  0.000000  0.000000  0.000000  0.000000  0.000000  0.000000  0.000000  0.000000  0.000000  0.000000  0.000000  0.000000  0.000000  0.000000  0.000000  0.000000  1.000000  1.000000  0.000000  0.000000  0.000000  0.000000  1.000000  0.000000  0.000000  2.000000  255.000000  1.000000  0.000000  1.000000  0.250000  0.000000  0.000000  0.000000  0.000000  1 
0.000000  3 6 1 18.000000  0.000000  0.000000  0.000000  0.000000  0.000000  0.000000  0.000000  0.000000  0.000000  0.000000  0.000000  0.000000  0.000000  0.000000  0.000000  0.000000  0.000000  1.000000  2.000000  0.000000  0.000000  0.000000  0.000000  1.000000  0.000000  1.000000  4.000000  255.000000  1.000000  0.000000  1.000000  0.250000  0.000000  0.000000  0.000000  0.000000  1 
0.000000  1 3 1 261.000000  3834.000000  0.000000  0.000000  0.000000  0.000000  0.000000  1.000000  0.000000  0.000000  0.000000  0.000000  0.000000  0.000000  0.000000  0.000000  0.000000  0.000000  1.000000  1.000000  0.000000  0.000000  0.000000  0.000000  1.000000  0.000000  0.000000  255.000000  252.000000  0.990000  0.010000  0.000000  0.000000  0.000000  0.000000  0.000000  0.000000  0 
54.000000  1 59 1 260.000000  2635.000000  0.000000  0.000000  0.000000  0.000000  0.000000  1.000000  0.000000  1.000000  0.000000  2.000000  2.000000  1.000000  0.000000  0.000000  0.000000  0.000000  1.000000  1.000000  0.000000  0.000000  0.000000  0.000000  1.000000  0.000000  0.000000  255.000000  1.000000  0.000000  0.010000  0.000000  0.000000  0.000000  0.000000  0.000000  0.000000  1 
